xof 0303txt 0032

template AnimTicksPerSecond {
  <9E415A43-7BA6-4a73-8743-B73D47E88476>
  DWORD AnimTicksPerSecond;
}

template XSkinMeshHeader {
  <3cf169ce-ff7c-44ab-93c0-f78f62d172e2>
  WORD nMaxSkinWeightsPerVertex;
  WORD nMaxSkinWeightsPerFace;
  WORD nBones;
}

template SkinWeights {
  <6f0d123b-bad2-4167-a0d0-80224f25fabb>
  STRING transformNodeName;
  DWORD nWeights;
  array DWORD vertexIndices[nWeights];
  array float weights[nWeights];
  Matrix4x4 matrixOffset;
}

Frame Root {
  FrameTransformMatrix {
     1.000000, 0.000000, 0.000000, 0.000000,
     0.000000,-0.000000, 1.000000, 0.000000,
     0.000000, 1.000000, 0.000000, 0.000000,
     0.000000, 0.000000, 0.000000, 1.000000;;
  }
  Frame Wolf_Skeleton {
    FrameTransformMatrix {
       1.000000, 0.000000, 0.000000, 0.000000,
       0.000000, 1.000000, 0.000000, 0.000000,
       0.000000, 0.000000, 1.000000, 0.000000,
       0.000000, 0.000000, 0.000000, 1.000000;;
    }
    Frame Wolf_Skeleton_root {
      FrameTransformMatrix {
         1.000000, 0.000000, 0.000000, 0.000000,
        -0.000000,-0.000000, 1.000000, 0.000000,
         0.000000,-1.000000,-0.000000, 0.000000,
         0.000000, 0.000000, 0.000000, 1.000000;;
      }
      Frame Wolf_Skeleton_Becken {
        FrameTransformMatrix {
           0.999391,-0.034380, 0.006000, 0.000000,
          -0.012353,-0.187682, 0.982152, 0.000000,
          -0.032640,-0.981628,-0.187993, 0.000000,
           0.000000, 0.393385,-0.211570, 1.000000;;
        }
        Frame Wolf_Skeleton_Bauch {
          FrameTransformMatrix {
             1.000000, 0.000000,-0.000000, 0.000000,
             0.000000, 0.975896,-0.218235, 0.000000,
             0.000000, 0.218235, 0.975896, 0.000000,
            -0.000000, 0.094042,-0.035591, 1.000000;;
          }
          Frame Wolf_Skeleton_Bauch_001 {
            FrameTransformMatrix {
               1.000000,-0.000000,-0.000000, 0.000000,
               0.000000, 0.999152,-0.041168, 0.000000,
              -0.000000, 0.041168, 0.999152, 0.000000,
               0.000000, 0.108190, 0.000000, 1.000000;;
            }
            Frame Wolf_Skeleton_Brust {
              FrameTransformMatrix {
                 1.000000,-0.000001,-0.000000, 0.000000,
                 0.000001, 0.982407,-0.186752, 0.000000,
                 0.000000, 0.186752, 0.982407, 0.000000,
                -0.000000, 0.141908, 0.036238, 1.000000;;
              }
              Frame Wolf_Skeleton_Bauch_003 {
                FrameTransformMatrix {
                   1.000000,-0.000000,-0.000000, 0.000000,
                  -0.000000,-0.739396, 0.673271, 0.000000,
                   0.000000,-0.673271,-0.739396, 0.000000,
                  -0.003385, 0.144469,-0.156629, 1.000000;;
                }
                Frame Wolf_Skeleton_Schalterplatte_L {
                  FrameTransformMatrix {
                     0.846109,-0.477930, 0.235972, 0.000000,
                     0.229532,-0.072853,-0.970571, 0.000000,
                     0.481056, 0.875371, 0.048058, 0.000000,
                     0.037907, 0.098007,-0.010914, 1.000000;;
                  }
                  Frame Wolf_Skeleton_Oberarm_L {
                    FrameTransformMatrix {
                       0.875627, 0.266202, 0.403005, 0.000000,
                      -0.428695, 0.044006, 0.902377, 0.000000,
                       0.222480,-0.962912, 0.152652, 0.000000,
                      -0.000000, 0.141863,-0.000000, 1.000000;;
                    }
                    Frame Wolf_Skeleton_Unterarm_L {
                      FrameTransformMatrix {
                         0.997531, 0.023100,-0.066317, 0.000000,
                        -0.070158, 0.286548,-0.955494, 0.000000,
                        -0.003069, 0.957787, 0.287461, 0.000000,
                        -0.000000, 0.202823,-0.000000, 1.000000;;
                      }
                      Frame Wolf_Skeleton_Vorderpfote_L {
                        FrameTransformMatrix {
                           0.999609, 0.027818,-0.002973, 0.000000,
                          -0.013362, 0.381356,-0.924332, 0.000000,
                          -0.024580, 0.924010, 0.381578, 0.000000,
                           0.000000, 0.170595, 0.000000, 1.000000;;
                        }
                      } // End of Wolf_Skeleton_Vorderpfote_L
                    } // End of Wolf_Skeleton_Unterarm_L
                  } // End of Wolf_Skeleton_Oberarm_L
                } // End of Wolf_Skeleton_Schalterplatte_L
                Frame Wolf_Skeleton_Schalterplatte_R {
                  FrameTransformMatrix {
                     0.862783, 0.503311,-0.047787, 0.000000,
                    -0.194365, 0.242951,-0.950367, 0.000000,
                    -0.466720, 0.829248, 0.307440, 0.000000,
                    -0.040777, 0.112612, 0.018653, 1.000000;;
                  }
                  Frame Wolf_Skeleton_Oberarm_R {
                    FrameTransformMatrix {
                       0.828823,-0.267508,-0.491419, 0.000000,
                       0.462049,-0.168075, 0.870782, 0.000000,
                      -0.315536,-0.948784,-0.015703, 0.000000,
                       0.000000, 0.141863,-0.000000, 1.000000;;
                    }
                    Frame Wolf_Skeleton_Unterarm_R {
                      FrameTransformMatrix {
                         0.998313,-0.021442, 0.053948, 0.000000,
                         0.057308, 0.512408,-0.856828, 0.000000,
                        -0.009271, 0.858475, 0.512772, 0.000000,
                         0.000000, 0.202823, 0.000000, 1.000000;;
                      }
                      Frame Wolf_Skeleton_Vorderpfote_R {
                        FrameTransformMatrix {
                           0.996170,-0.086768, 0.010826, 0.000000,
                           0.001791,-0.103539,-0.994624, 0.000000,
                           0.087422, 0.990833,-0.102987, 0.000000,
                           0.000000, 0.170594,-0.000000, 1.000000;;
                        }
                      } // End of Wolf_Skeleton_Vorderpfote_R
                    } // End of Wolf_Skeleton_Unterarm_R
                  } // End of Wolf_Skeleton_Oberarm_R
                } // End of Wolf_Skeleton_Schalterplatte_R
              } // End of Wolf_Skeleton_Bauch_003
              Frame Wolf_Skeleton_Hals {
                FrameTransformMatrix {
                   1.000000,-0.000000,-0.000000, 0.000000,
                  -0.000000, 0.683563,-0.729891, 0.000000,
                   0.000000, 0.729891, 0.683563, 0.000000,
                   0.001485, 0.118441, 0.102828, 1.000000;;
                }
                Frame Wolf_Skeleton_Kopf_002 {
                  FrameTransformMatrix {
                     1.000000, 0.000074, 0.000112, 0.000000,
                     0.000043,-0.966598, 0.256296, 0.000000,
                     0.000128,-0.256296,-0.966599, 0.000000,
                    -0.000003, 0.175259, 0.026518, 1.000000;;
                  }
                  Frame Wolf_Skeleton_Kopf {
                    FrameTransformMatrix {
                       0.999999,-0.001474, 0.000667, 0.000000,
                      -0.000249,-0.547972,-0.836497, 0.000000,
                       0.001599, 0.836496,-0.547971, 0.000000,
                      -0.000000, 0.101578, 0.000000, 1.000000;;
                    }
                    Frame Wolf_Skeleton_Braun_O_L {
                      FrameTransformMatrix {
                        -0.215072,-0.841501, 0.495601, 0.000000,
                        -0.651372, 0.501713, 0.569209, 0.000000,
                        -0.727639,-0.200400,-0.656035, 0.000000,
                         0.037061, 0.098019,-0.032925, 1.000000;;
                      }
                    } // End of Wolf_Skeleton_Braun_O_L
                    Frame Wolf_Skeleton_Braun_O_R {
                      FrameTransformMatrix {
                        -0.213067, 0.841608,-0.496285, 0.000000,
                         0.649799, 0.501389, 0.571289, 0.000000,
                         0.729633,-0.200763,-0.653705, 0.000000,
                        -0.036907, 0.098037,-0.033043, 1.000000;;
                      }
                    } // End of Wolf_Skeleton_Braun_O_R
                    Frame Wolf_Skeleton_Mauloben {
                      FrameTransformMatrix {
                         0.999999,-0.000249, 0.001599, 0.000000,
                        -0.000551, 0.876499, 0.481403, 0.000000,
                        -0.001521,-0.481403, 0.876498, 0.000000,
                        -0.000041, 0.091015, 0.040036, 1.000000;;
                      }
                    } // End of Wolf_Skeleton_Mauloben
                    Frame Wolf_Skeleton_MundW_L {
                      FrameTransformMatrix {
                        -0.905607,-0.423681, 0.019248, 0.000000,
                        -0.397754, 0.864190, 0.308169, 0.000000,
                        -0.147199, 0.271424,-0.951137, 0.000000,
                         0.036185, 0.067305, 0.037514, 1.000000;;
                      }
                    } // End of Wolf_Skeleton_MundW_L
                    Frame Wolf_Skeleton_MundW_R {
                      FrameTransformMatrix {
                        -0.905320, 0.424154,-0.022124, 0.000000,
                         0.397224, 0.863981, 0.309435, 0.000000,
                         0.150363, 0.271350,-0.950663, 0.000000,
                        -0.036271, 0.067323, 0.037398, 1.000000;;
                      }
                    } // End of Wolf_Skeleton_MundW_R
                    Frame Wolf_Skeleton_Ohr_L {
                      FrameTransformMatrix {
                         0.965170, 0.082900, 0.248141, 0.000000,
                         0.155700, 0.580206,-0.799449, 0.000000,
                        -0.210247, 0.810240, 0.547090, 0.000000,
                         0.036601, 0.064078,-0.068932, 1.000000;;
                      }
                    } // End of Wolf_Skeleton_Ohr_L
                    Frame Wolf_Skeleton_Ohr_R {
                      FrameTransformMatrix {
                         0.965917,-0.083381,-0.245054, 0.000000,
                        -0.152854, 0.580283,-0.799942, 0.000000,
                         0.208900, 0.810136, 0.547760, 0.000000,
                        -0.036349, 0.064096,-0.069049, 1.000000;;
                      }
                    } // End of Wolf_Skeleton_Ohr_R
                    Frame Wolf_Skeleton_Unterkiefer {
                      FrameTransformMatrix {
                         0.998833, 0.033649,-0.034647, 0.000000,
                         0.019858, 0.367792, 0.929696, 0.000000,
                         0.044026,-0.929299, 0.366695, 0.000000,
                        -0.000456, 0.063705, 0.040607, 1.000000;;
                      }
                      Frame Wolf_Skeleton_Hals_fett {
                        FrameTransformMatrix {
                           0.998768, 0.021253, 0.044844, 0.000000,
                          -0.049424, 0.507204, 0.860408, 0.000000,
                          -0.004459,-0.861564, 0.507629, 0.000000,
                          -0.000772, 0.029982, 0.012065, 1.000000;;
                        }
                      } // End of Wolf_Skeleton_Hals_fett
                      Frame Wolf_Skeleton_Maulunten {
                        FrameTransformMatrix {
                           0.998768, 0.021253, 0.044844, 0.000000,
                           0.011697, 0.777376,-0.628928, 0.000000,
                          -0.048227, 0.628677, 0.776170, 0.000000,
                           0.000772, 0.008319,-0.012065, 1.000000;;
                        }
                      } // End of Wolf_Skeleton_Maulunten
                    } // End of Wolf_Skeleton_Unterkiefer
                    Frame Wolf_Skeleton_aug_lied_O_L {
                      FrameTransformMatrix {
                        -0.470102,-0.879511, 0.073916, 0.000000,
                        -0.815561, 0.464881, 0.344593, 0.000000,
                        -0.337436, 0.101711,-0.935837, 0.000000,
                         0.032715, 0.103888,-0.016081, 1.000000;;
                      }
                    } // End of Wolf_Skeleton_aug_lied_O_L
                    Frame Wolf_Skeleton_aug_lied_O_R {
                      FrameTransformMatrix {
                        -0.469425, 0.879746,-0.075418, 0.000000,
                         0.814687, 0.464475, 0.347200, 0.000000,
                         0.340477, 0.101542,-0.934754, 0.000000,
                        -0.032611, 0.103905,-0.016185, 1.000000;;
                      }
                    } // End of Wolf_Skeleton_aug_lied_O_R
                    Frame Wolf_Skeleton_aug_lied_U_L {
                      FrameTransformMatrix {
                        -0.319276,-0.896295, 0.307763, 0.000000,
                        -0.760608, 0.436084, 0.480943, 0.000000,
                        -0.565277,-0.080533,-0.820961, 0.000000,
                         0.033129, 0.102192,-0.013384, 1.000000;;
                      }
                    } // End of Wolf_Skeleton_aug_lied_U_L
                    Frame Wolf_Skeleton_aug_lied_U_R {
                      FrameTransformMatrix {
                        -0.317843, 0.896454,-0.308781, 0.000000,
                         0.759284, 0.435705, 0.483373, 0.000000,
                         0.567859,-0.080816,-0.819149, 0.000000,
                        -0.033035, 0.102208,-0.013489, 1.000000;;
                      }
                    } // End of Wolf_Skeleton_aug_lied_U_R
                  } // End of Wolf_Skeleton_Kopf
                } // End of Wolf_Skeleton_Kopf_002
              } // End of Wolf_Skeleton_Hals
            } // End of Wolf_Skeleton_Brust
          } // End of Wolf_Skeleton_Bauch_001
        } // End of Wolf_Skeleton_Bauch
        Frame Wolf_Skeleton_Oberschenkel_L {
          FrameTransformMatrix {
             0.991378, 0.068507,-0.111698, 0.000000,
             0.088004, 0.283461, 0.954937, 0.000000,
             0.097082,-0.956534, 0.274988, 0.000000,
             0.058370, 0.046397, 0.012180, 1.000000;;
          }
          Frame Wolf_Skeleton_Unterschenkel_L {
            FrameTransformMatrix {
               0.969738, 0.129402, 0.207033, 0.000000,
              -0.209183, 0.003107, 0.977871, 0.000000,
               0.125895,-0.991587, 0.030082, 0.000000,
              -0.000000, 0.168644, 0.000000, 1.000000;;
            }
            Frame Wolf_Skeleton_Pfote1_L {
              FrameTransformMatrix {
                 0.991557,-0.125710,-0.031821, 0.000000,
                 0.087567, 0.830098,-0.550698, 0.000000,
                 0.095643, 0.543262, 0.834098, 0.000000,
                 0.000000, 0.119090, 0.000000, 1.000000;;
              }
              Frame Wolf_Skeleton_Pfote2_L {
                FrameTransformMatrix {
                   0.990677,-0.087029, 0.104808, 0.000000,
                   0.088647,-0.172358,-0.981037, 0.000000,
                   0.103443, 0.981182,-0.163037, 0.000000,
                  -0.000000, 0.098763, 0.000000, 1.000000;;
                }
              } // End of Wolf_Skeleton_Pfote2_L
            } // End of Wolf_Skeleton_Pfote1_L
          } // End of Wolf_Skeleton_Unterschenkel_L
        } // End of Wolf_Skeleton_Oberschenkel_L
        Frame Wolf_Skeleton_Oberschenkel_R {
          FrameTransformMatrix {
             0.986981,-0.030911, 0.157836, 0.000000,
            -0.048043, 0.879890, 0.472743, 0.000000,
            -0.153491,-0.474171, 0.866950, 0.000000,
            -0.058370, 0.073944, 0.007774, 1.000000;;
          }
          Frame Wolf_Skeleton_Unterschenkel_R {
            FrameTransformMatrix {
               0.933877,-0.218638,-0.282968, 0.000000,
               0.209320,-0.307344, 0.928291, 0.000000,
              -0.289928,-0.926141,-0.241256, 0.000000,
               0.000000, 0.168645,-0.000000, 1.000000;;
            }
            Frame Wolf_Skeleton_Pfote1_R {
              FrameTransformMatrix {
                 0.992317, 0.116704, 0.041067, 0.000000,
                -0.024850, 0.513187,-0.857917, 0.000000,
                -0.121197, 0.850305, 0.512144, 0.000000,
                 0.000000, 0.119090, 0.000000, 1.000000;;
              }
              Frame Wolf_Skeleton_Pfote2_R {
                FrameTransformMatrix {
                  -0.979905,-0.199465, 0.000252, 0.000000,
                  -0.006488, 0.030609,-0.999510, 0.000000,
                   0.199360,-0.979427,-0.031288, 0.000000,
                  -0.000000, 0.098762,-0.000000, 1.000000;;
                }
              } // End of Wolf_Skeleton_Pfote2_R
            } // End of Wolf_Skeleton_Pfote1_R
          } // End of Wolf_Skeleton_Unterschenkel_R
        } // End of Wolf_Skeleton_Oberschenkel_R
        Frame Wolf_Skeleton_Schwanz {
          FrameTransformMatrix {
             0.999960,-0.008641, 0.002062, 0.000000,
            -0.006757,-0.589135, 0.808007, 0.000000,
            -0.005767,-0.807989,-0.589171, 0.000000,
            -0.000000,-0.017258, 0.010596, 1.000000;;
          }
          Frame Wolf_Skeleton_Schwanz_001 {
            FrameTransformMatrix {
               0.999943, 0.005864, 0.008875, 0.000000,
              -0.007731, 0.973689, 0.227751, 0.000000,
              -0.007306,-0.227807, 0.973679, 0.000000,
              -0.000000, 0.091043,-0.000000, 1.000000;;
            }
            Frame Wolf_Skeleton_Schwanz_002 {
              FrameTransformMatrix {
                 1.000000, 0.000000, 0.000000, 0.000000,
                 0.000000, 0.979193, 0.202933, 0.000000,
                -0.000000,-0.202933, 0.979193, 0.000000,
                 0.000000, 0.078557, 0.000000, 1.000000;;
              }
              Frame Wolf_Skeleton_Schwanz_003 {
                FrameTransformMatrix {
                   0.999862, 0.009719, 0.013473, 0.000000,
                  -0.014888, 0.884043, 0.467169, 0.000000,
                  -0.007370,-0.467305, 0.884065, 0.000000,
                  -0.000000, 0.083503, 0.000000, 1.000000;;
                }
              } // End of Wolf_Skeleton_Schwanz_003
            } // End of Wolf_Skeleton_Schwanz_002
          } // End of Wolf_Skeleton_Schwanz_001
        } // End of Wolf_Skeleton_Schwanz
      } // End of Wolf_Skeleton_Becken
    } // End of Wolf_Skeleton_root
  } // End of Wolf_Skeleton
} // End of Root
AnimTicksPerSecond {
  30;
}
AnimationSet Wolf_creep_cycle {
  Animation {
    {Wolf_Skeleton}
    AnimationKey { // Rotation
      0;
      40;
      0;4;-1.000000, 0.000000, 0.000000, 0.000000;;,
      1;4;-1.000000, 0.000000, 0.000000, 0.000000;;,
      2;4;-1.000000, 0.000000, 0.000000, 0.000000;;,
      3;4;-1.000000, 0.000000, 0.000000, 0.000000;;,
      4;4;-1.000000, 0.000000, 0.000000, 0.000000;;,
      5;4;-1.000000, 0.000000, 0.000000, 0.000000;;,
      6;4;-1.000000, 0.000000, 0.000000, 0.000000;;,
      7;4;-1.000000, 0.000000, 0.000000, 0.000000;;,
      8;4;-1.000000, 0.000000, 0.000000, 0.000000;;,
      9;4;-1.000000, 0.000000, 0.000000, 0.000000;;,
      10;4;-1.000000, 0.000000, 0.000000, 0.000000;;,
      11;4;-1.000000, 0.000000, 0.000000, 0.000000;;,
      12;4;-1.000000, 0.000000, 0.000000, 0.000000;;,
      13;4;-1.000000, 0.000000, 0.000000, 0.000000;;,
      14;4;-1.000000, 0.000000, 0.000000, 0.000000;;,
      15;4;-1.000000, 0.000000, 0.000000, 0.000000;;,
      16;4;-1.000000, 0.000000, 0.000000, 0.000000;;,
      17;4;-1.000000, 0.000000, 0.000000, 0.000000;;,
      18;4;-1.000000, 0.000000, 0.000000, 0.000000;;,
      19;4;-1.000000, 0.000000, 0.000000, 0.000000;;,
      20;4;-1.000000, 0.000000, 0.000000, 0.000000;;,
      21;4;-1.000000, 0.000000, 0.000000, 0.000000;;,
      22;4;-1.000000, 0.000000, 0.000000, 0.000000;;,
      23;4;-1.000000, 0.000000, 0.000000, 0.000000;;,
      24;4;-1.000000, 0.000000, 0.000000, 0.000000;;,
      25;4;-1.000000, 0.000000, 0.000000, 0.000000;;,
      26;4;-1.000000, 0.000000, 0.000000, 0.000000;;,
      27;4;-1.000000, 0.000000, 0.000000, 0.000000;;,
      28;4;-1.000000, 0.000000, 0.000000, 0.000000;;,
      29;4;-1.000000, 0.000000, 0.000000, 0.000000;;,
      30;4;-1.000000, 0.000000, 0.000000, 0.000000;;,
      31;4;-1.000000, 0.000000, 0.000000, 0.000000;;,
      32;4;-1.000000, 0.000000, 0.000000, 0.000000;;,
      33;4;-1.000000, 0.000000, 0.000000, 0.000000;;,
      34;4;-1.000000, 0.000000, 0.000000, 0.000000;;,
      35;4;-1.000000, 0.000000, 0.000000, 0.000000;;,
      36;4;-1.000000, 0.000000, 0.000000, 0.000000;;,
      37;4;-1.000000, 0.000000, 0.000000, 0.000000;;,
      38;4;-1.000000, 0.000000, 0.000000, 0.000000;;,
      39;4;-1.000000, 0.000000, 0.000000, 0.000000;;;
    }
    AnimationKey { // Scale
      1;
      40;
      0;3; 1.000000, 1.000000, 1.000000;;,
      1;3; 1.000000, 1.000000, 1.000000;;,
      2;3; 1.000000, 1.000000, 1.000000;;,
      3;3; 1.000000, 1.000000, 1.000000;;,
      4;3; 1.000000, 1.000000, 1.000000;;,
      5;3; 1.000000, 1.000000, 1.000000;;,
      6;3; 1.000000, 1.000000, 1.000000;;,
      7;3; 1.000000, 1.000000, 1.000000;;,
      8;3; 1.000000, 1.000000, 1.000000;;,
      9;3; 1.000000, 1.000000, 1.000000;;,
      10;3; 1.000000, 1.000000, 1.000000;;,
      11;3; 1.000000, 1.000000, 1.000000;;,
      12;3; 1.000000, 1.000000, 1.000000;;,
      13;3; 1.000000, 1.000000, 1.000000;;,
      14;3; 1.000000, 1.000000, 1.000000;;,
      15;3; 1.000000, 1.000000, 1.000000;;,
      16;3; 1.000000, 1.000000, 1.000000;;,
      17;3; 1.000000, 1.000000, 1.000000;;,
      18;3; 1.000000, 1.000000, 1.000000;;,
      19;3; 1.000000, 1.000000, 1.000000;;,
      20;3; 1.000000, 1.000000, 1.000000;;,
      21;3; 1.000000, 1.000000, 1.000000;;,
      22;3; 1.000000, 1.000000, 1.000000;;,
      23;3; 1.000000, 1.000000, 1.000000;;,
      24;3; 1.000000, 1.000000, 1.000000;;,
      25;3; 1.000000, 1.000000, 1.000000;;,
      26;3; 1.000000, 1.000000, 1.000000;;,
      27;3; 1.000000, 1.000000, 1.000000;;,
      28;3; 1.000000, 1.000000, 1.000000;;,
      29;3; 1.000000, 1.000000, 1.000000;;,
      30;3; 1.000000, 1.000000, 1.000000;;,
      31;3; 1.000000, 1.000000, 1.000000;;,
      32;3; 1.000000, 1.000000, 1.000000;;,
      33;3; 1.000000, 1.000000, 1.000000;;,
      34;3; 1.000000, 1.000000, 1.000000;;,
      35;3; 1.000000, 1.000000, 1.000000;;,
      36;3; 1.000000, 1.000000, 1.000000;;,
      37;3; 1.000000, 1.000000, 1.000000;;,
      38;3; 1.000000, 1.000000, 1.000000;;,
      39;3; 1.000000, 1.000000, 1.000000;;;
    }
    AnimationKey { // Position
      2;
      40;
      0;3; 0.000000, 0.000000, 0.000000;;,
      1;3; 0.000000, 0.000000, 0.000000;;,
      2;3; 0.000000, 0.000000, 0.000000;;,
      3;3; 0.000000, 0.000000, 0.000000;;,
      4;3; 0.000000, 0.000000, 0.000000;;,
      5;3; 0.000000, 0.000000, 0.000000;;,
      6;3; 0.000000, 0.000000, 0.000000;;,
      7;3; 0.000000, 0.000000, 0.000000;;,
      8;3; 0.000000, 0.000000, 0.000000;;,
      9;3; 0.000000, 0.000000, 0.000000;;,
      10;3; 0.000000, 0.000000, 0.000000;;,
      11;3; 0.000000, 0.000000, 0.000000;;,
      12;3; 0.000000, 0.000000, 0.000000;;,
      13;3; 0.000000, 0.000000, 0.000000;;,
      14;3; 0.000000, 0.000000, 0.000000;;,
      15;3; 0.000000, 0.000000, 0.000000;;,
      16;3; 0.000000, 0.000000, 0.000000;;,
      17;3; 0.000000, 0.000000, 0.000000;;,
      18;3; 0.000000, 0.000000, 0.000000;;,
      19;3; 0.000000, 0.000000, 0.000000;;,
      20;3; 0.000000, 0.000000, 0.000000;;,
      21;3; 0.000000, 0.000000, 0.000000;;,
      22;3; 0.000000, 0.000000, 0.000000;;,
      23;3; 0.000000, 0.000000, 0.000000;;,
      24;3; 0.000000, 0.000000, 0.000000;;,
      25;3; 0.000000, 0.000000, 0.000000;;,
      26;3; 0.000000, 0.000000, 0.000000;;,
      27;3; 0.000000, 0.000000, 0.000000;;,
      28;3; 0.000000, 0.000000, 0.000000;;,
      29;3; 0.000000, 0.000000, 0.000000;;,
      30;3; 0.000000, 0.000000, 0.000000;;,
      31;3; 0.000000, 0.000000, 0.000000;;,
      32;3; 0.000000, 0.000000, 0.000000;;,
      33;3; 0.000000, 0.000000, 0.000000;;,
      34;3; 0.000000, 0.000000, 0.000000;;,
      35;3; 0.000000, 0.000000, 0.000000;;,
      36;3; 0.000000, 0.000000, 0.000000;;,
      37;3; 0.000000, 0.000000, 0.000000;;,
      38;3; 0.000000, 0.000000, 0.000000;;,
      39;3; 0.000000, 0.000000, 0.000000;;;
    }
  }
  Animation {
    {Wolf_Skeleton_root}
    AnimationKey { // Rotation
      0;
      40;
      0;4;-0.707107, 0.707107, 0.000000, 0.000000;;,
      1;4;-0.707107, 0.707107, 0.000000, 0.000000;;,
      2;4;-0.707107, 0.707107, 0.000000, 0.000000;;,
      3;4;-0.707107, 0.707107, 0.000000, 0.000000;;,
      4;4;-0.707107, 0.707107, 0.000000, 0.000000;;,
      5;4;-0.707107, 0.707107, 0.000000, 0.000000;;,
      6;4;-0.707107, 0.707107, 0.000000, 0.000000;;,
      7;4;-0.707107, 0.707107, 0.000000, 0.000000;;,
      8;4;-0.707107, 0.707107, 0.000000, 0.000000;;,
      9;4;-0.707107, 0.707107, 0.000000, 0.000000;;,
      10;4;-0.707107, 0.707107, 0.000000, 0.000000;;,
      11;4;-0.707107, 0.707107, 0.000000, 0.000000;;,
      12;4;-0.707107, 0.707107, 0.000000, 0.000000;;,
      13;4;-0.707107, 0.707107, 0.000000, 0.000000;;,
      14;4;-0.707107, 0.707107, 0.000000, 0.000000;;,
      15;4;-0.707107, 0.707107, 0.000000, 0.000000;;,
      16;4;-0.707107, 0.707107, 0.000000, 0.000000;;,
      17;4;-0.707107, 0.707107, 0.000000, 0.000000;;,
      18;4;-0.707107, 0.707107, 0.000000, 0.000000;;,
      19;4;-0.707107, 0.707107, 0.000000, 0.000000;;,
      20;4;-0.707107, 0.707107, 0.000000, 0.000000;;,
      21;4;-0.707107, 0.707107, 0.000000, 0.000000;;,
      22;4;-0.707107, 0.707107, 0.000000, 0.000000;;,
      23;4;-0.707107, 0.707107, 0.000000, 0.000000;;,
      24;4;-0.707107, 0.707107, 0.000000, 0.000000;;,
      25;4;-0.707107, 0.707107, 0.000000, 0.000000;;,
      26;4;-0.707107, 0.707107, 0.000000, 0.000000;;,
      27;4;-0.707107, 0.707107, 0.000000, 0.000000;;,
      28;4;-0.707107, 0.707107, 0.000000, 0.000000;;,
      29;4;-0.707107, 0.707107, 0.000000, 0.000000;;,
      30;4;-0.707107, 0.707107, 0.000000, 0.000000;;,
      31;4;-0.707107, 0.707107, 0.000000, 0.000000;;,
      32;4;-0.707107, 0.707107, 0.000000, 0.000000;;,
      33;4;-0.707107, 0.707107, 0.000000, 0.000000;;,
      34;4;-0.707107, 0.707107, 0.000000, 0.000000;;,
      35;4;-0.707107, 0.707107, 0.000000, 0.000000;;,
      36;4;-0.707107, 0.707107, 0.000000, 0.000000;;,
      37;4;-0.707107, 0.707107, 0.000000, 0.000000;;,
      38;4;-0.707107, 0.707107, 0.000000, 0.000000;;,
      39;4;-0.707107, 0.707107, 0.000000, 0.000000;;;
    }
    AnimationKey { // Scale
      1;
      40;
      0;3; 1.000000, 1.000000, 1.000000;;,
      1;3; 1.000000, 1.000000, 1.000000;;,
      2;3; 1.000000, 1.000000, 1.000000;;,
      3;3; 1.000000, 1.000000, 1.000000;;,
      4;3; 1.000000, 1.000000, 1.000000;;,
      5;3; 1.000000, 1.000000, 1.000000;;,
      6;3; 1.000000, 1.000000, 1.000000;;,
      7;3; 1.000000, 1.000000, 1.000000;;,
      8;3; 1.000000, 1.000000, 1.000000;;,
      9;3; 1.000000, 1.000000, 1.000000;;,
      10;3; 1.000000, 1.000000, 1.000000;;,
      11;3; 1.000000, 1.000000, 1.000000;;,
      12;3; 1.000000, 1.000000, 1.000000;;,
      13;3; 1.000000, 1.000000, 1.000000;;,
      14;3; 1.000000, 1.000000, 1.000000;;,
      15;3; 1.000000, 1.000000, 1.000000;;,
      16;3; 1.000000, 1.000000, 1.000000;;,
      17;3; 1.000000, 1.000000, 1.000000;;,
      18;3; 1.000000, 1.000000, 1.000000;;,
      19;3; 1.000000, 1.000000, 1.000000;;,
      20;3; 1.000000, 1.000000, 1.000000;;,
      21;3; 1.000000, 1.000000, 1.000000;;,
      22;3; 1.000000, 1.000000, 1.000000;;,
      23;3; 1.000000, 1.000000, 1.000000;;,
      24;3; 1.000000, 1.000000, 1.000000;;,
      25;3; 1.000000, 1.000000, 1.000000;;,
      26;3; 1.000000, 1.000000, 1.000000;;,
      27;3; 1.000000, 1.000000, 1.000000;;,
      28;3; 1.000000, 1.000000, 1.000000;;,
      29;3; 1.000000, 1.000000, 1.000000;;,
      30;3; 1.000000, 1.000000, 1.000000;;,
      31;3; 1.000000, 1.000000, 1.000000;;,
      32;3; 1.000000, 1.000000, 1.000000;;,
      33;3; 1.000000, 1.000000, 1.000000;;,
      34;3; 1.000000, 1.000000, 1.000000;;,
      35;3; 1.000000, 1.000000, 1.000000;;,
      36;3; 1.000000, 1.000000, 1.000000;;,
      37;3; 1.000000, 1.000000, 1.000000;;,
      38;3; 1.000000, 1.000000, 1.000000;;,
      39;3; 1.000000, 1.000000, 1.000000;;;
    }
    AnimationKey { // Position
      2;
      40;
      0;3; 0.000000, 0.000000, 0.000000;;,
      1;3; 0.000000, 0.000000, 0.000000;;,
      2;3; 0.000000, 0.000000, 0.000000;;,
      3;3; 0.000000, 0.000000, 0.000000;;,
      4;3; 0.000000, 0.000000, 0.000000;;,
      5;3; 0.000000, 0.000000, 0.000000;;,
      6;3; 0.000000, 0.000000, 0.000000;;,
      7;3; 0.000000, 0.000000, 0.000000;;,
      8;3; 0.000000, 0.000000, 0.000000;;,
      9;3; 0.000000, 0.000000, 0.000000;;,
      10;3; 0.000000, 0.000000, 0.000000;;,
      11;3; 0.000000, 0.000000, 0.000000;;,
      12;3; 0.000000, 0.000000, 0.000000;;,
      13;3; 0.000000, 0.000000, 0.000000;;,
      14;3; 0.000000, 0.000000, 0.000000;;,
      15;3; 0.000000, 0.000000, 0.000000;;,
      16;3; 0.000000, 0.000000, 0.000000;;,
      17;3; 0.000000, 0.000000, 0.000000;;,
      18;3; 0.000000, 0.000000, 0.000000;;,
      19;3; 0.000000, 0.000000, 0.000000;;,
      20;3; 0.000000, 0.000000, 0.000000;;,
      21;3; 0.000000, 0.000000, 0.000000;;,
      22;3; 0.000000, 0.000000, 0.000000;;,
      23;3; 0.000000, 0.000000, 0.000000;;,
      24;3; 0.000000, 0.000000, 0.000000;;,
      25;3; 0.000000, 0.000000, 0.000000;;,
      26;3; 0.000000, 0.000000, 0.000000;;,
      27;3; 0.000000, 0.000000, 0.000000;;,
      28;3; 0.000000, 0.000000, 0.000000;;,
      29;3; 0.000000, 0.000000, 0.000000;;,
      30;3; 0.000000, 0.000000, 0.000000;;,
      31;3; 0.000000, 0.000000, 0.000000;;,
      32;3; 0.000000, 0.000000, 0.000000;;,
      33;3; 0.000000, 0.000000, 0.000000;;,
      34;3; 0.000000, 0.000000, 0.000000;;,
      35;3; 0.000000, 0.000000, 0.000000;;,
      36;3; 0.000000, 0.000000, 0.000000;;,
      37;3; 0.000000, 0.000000, 0.000000;;,
      38;3; 0.000000, 0.000000, 0.000000;;,
      39;3; 0.000000, 0.000000, 0.000000;;;
    }
  }
  Animation {
    {Wolf_Skeleton_Becken}
    AnimationKey { // Rotation
      0;
      40;
      0;4;-0.637126, 0.770562,-0.015162,-0.008643;;,
      1;4;-0.637126, 0.770562,-0.015162,-0.008643;;,
      2;4;-0.637126, 0.770562,-0.015162,-0.008643;;,
      3;4;-0.637126, 0.770562,-0.015162,-0.008643;;,
      4;4;-0.637126, 0.770562,-0.015162,-0.008643;;,
      5;4;-0.637126, 0.770562,-0.015162,-0.008643;;,
      6;4;-0.637126, 0.770562,-0.015162,-0.008643;;,
      7;4;-0.637126, 0.770562,-0.015162,-0.008643;;,
      8;4;-0.637126, 0.770562,-0.015162,-0.008643;;,
      9;4;-0.637126, 0.770562,-0.015162,-0.008643;;,
      10;4;-0.637126, 0.770562,-0.015162,-0.008643;;,
      11;4;-0.637126, 0.770562,-0.015162,-0.008643;;,
      12;4;-0.637126, 0.770562,-0.015162,-0.008643;;,
      13;4;-0.637126, 0.770562,-0.015162,-0.008643;;,
      14;4;-0.637126, 0.770562,-0.015162,-0.008643;;,
      15;4;-0.637126, 0.770562,-0.015162,-0.008643;;,
      16;4;-0.637126, 0.770562,-0.015162,-0.008643;;,
      17;4;-0.637126, 0.770562,-0.015162,-0.008643;;,
      18;4;-0.637126, 0.770562,-0.015162,-0.008643;;,
      19;4;-0.637126, 0.770562,-0.015162,-0.008643;;,
      20;4;-0.637126, 0.770562,-0.015162,-0.008643;;,
      21;4;-0.637126, 0.770562,-0.015162,-0.008643;;,
      22;4;-0.637126, 0.770562,-0.015162,-0.008643;;,
      23;4;-0.637126, 0.770562,-0.015162,-0.008643;;,
      24;4;-0.637126, 0.770562,-0.015162,-0.008643;;,
      25;4;-0.637126, 0.770562,-0.015162,-0.008643;;,
      26;4;-0.637126, 0.770562,-0.015162,-0.008643;;,
      27;4;-0.637126, 0.770562,-0.015162,-0.008643;;,
      28;4;-0.637126, 0.770562,-0.015162,-0.008643;;,
      29;4;-0.637126, 0.770562,-0.015162,-0.008643;;,
      30;4;-0.637126, 0.770562,-0.015162,-0.008643;;,
      31;4;-0.637126, 0.770562,-0.015162,-0.008643;;,
      32;4;-0.637126, 0.770562,-0.015162,-0.008643;;,
      33;4;-0.637126, 0.770562,-0.015162,-0.008643;;,
      34;4;-0.637126, 0.770562,-0.015162,-0.008643;;,
      35;4;-0.637126, 0.770562,-0.015162,-0.008643;;,
      36;4;-0.637126, 0.770562,-0.015162,-0.008643;;,
      37;4;-0.637126, 0.770562,-0.015162,-0.008643;;,
      38;4;-0.637126, 0.770562,-0.015162,-0.008643;;,
      39;4;-0.637126, 0.770562,-0.015162,-0.008643;;;
    }
    AnimationKey { // Scale
      1;
      40;
      0;3; 1.000000, 1.000000, 1.000000;;,
      1;3; 1.000000, 1.000000, 1.000000;;,
      2;3; 1.000000, 1.000000, 1.000000;;,
      3;3; 1.000000, 1.000000, 1.000000;;,
      4;3; 1.000000, 1.000000, 1.000000;;,
      5;3; 1.000000, 1.000000, 1.000000;;,
      6;3; 1.000000, 1.000000, 1.000000;;,
      7;3; 1.000000, 1.000000, 1.000000;;,
      8;3; 1.000000, 1.000000, 1.000000;;,
      9;3; 1.000000, 1.000000, 1.000000;;,
      10;3; 1.000000, 1.000000, 1.000000;;,
      11;3; 1.000000, 1.000000, 1.000000;;,
      12;3; 1.000000, 1.000000, 1.000000;;,
      13;3; 1.000000, 1.000000, 1.000000;;,
      14;3; 1.000000, 1.000000, 1.000000;;,
      15;3; 1.000000, 1.000000, 1.000000;;,
      16;3; 1.000000, 1.000000, 1.000000;;,
      17;3; 1.000000, 1.000000, 1.000000;;,
      18;3; 1.000000, 1.000000, 1.000000;;,
      19;3; 1.000000, 1.000000, 1.000000;;,
      20;3; 1.000000, 1.000000, 1.000000;;,
      21;3; 1.000000, 1.000000, 1.000000;;,
      22;3; 1.000000, 1.000000, 1.000000;;,
      23;3; 1.000000, 1.000000, 1.000000;;,
      24;3; 1.000000, 1.000000, 1.000000;;,
      25;3; 1.000000, 1.000000, 1.000000;;,
      26;3; 1.000000, 1.000000, 1.000000;;,
      27;3; 1.000000, 1.000000, 1.000000;;,
      28;3; 1.000000, 1.000000, 1.000000;;,
      29;3; 1.000000, 1.000000, 1.000000;;,
      30;3; 1.000000, 1.000000, 1.000000;;,
      31;3; 1.000000, 1.000000, 1.000000;;,
      32;3; 1.000000, 1.000000, 1.000000;;,
      33;3; 1.000000, 1.000000, 1.000000;;,
      34;3; 1.000000, 1.000000, 1.000000;;,
      35;3; 1.000000, 1.000000, 1.000000;;,
      36;3; 1.000000, 1.000000, 1.000000;;,
      37;3; 1.000000, 1.000000, 1.000000;;,
      38;3; 1.000000, 1.000000, 1.000000;;,
      39;3; 1.000000, 1.000000, 1.000000;;;
    }
    AnimationKey { // Position
      2;
      40;
      0;3; 0.000000, 0.393385,-0.211570;;,
      1;3; 0.000000, 0.393385,-0.211570;;,
      2;3; 0.000000, 0.393385,-0.211570;;,
      3;3; 0.000000, 0.393385,-0.211570;;,
      4;3; 0.000000, 0.393385,-0.211570;;,
      5;3; 0.000000, 0.393385,-0.211570;;,
      6;3; 0.000000, 0.393385,-0.211570;;,
      7;3; 0.000000, 0.393385,-0.211570;;,
      8;3; 0.000000, 0.393385,-0.211570;;,
      9;3; 0.000000, 0.393385,-0.211570;;,
      10;3; 0.000000, 0.393385,-0.211570;;,
      11;3; 0.000000, 0.393385,-0.211570;;,
      12;3; 0.000000, 0.393385,-0.211570;;,
      13;3; 0.000000, 0.393385,-0.211570;;,
      14;3; 0.000000, 0.393385,-0.211570;;,
      15;3; 0.000000, 0.393385,-0.211570;;,
      16;3; 0.000000, 0.393385,-0.211570;;,
      17;3; 0.000000, 0.393385,-0.211570;;,
      18;3; 0.000000, 0.393385,-0.211570;;,
      19;3; 0.000000, 0.393385,-0.211570;;,
      20;3; 0.000000, 0.393385,-0.211570;;,
      21;3; 0.000000, 0.393385,-0.211570;;,
      22;3; 0.000000, 0.393385,-0.211570;;,
      23;3; 0.000000, 0.393385,-0.211570;;,
      24;3; 0.000000, 0.393385,-0.211570;;,
      25;3; 0.000000, 0.393385,-0.211570;;,
      26;3; 0.000000, 0.393385,-0.211570;;,
      27;3; 0.000000, 0.393385,-0.211570;;,
      28;3; 0.000000, 0.393385,-0.211570;;,
      29;3; 0.000000, 0.393385,-0.211570;;,
      30;3; 0.000000, 0.393385,-0.211570;;,
      31;3; 0.000000, 0.393385,-0.211570;;,
      32;3; 0.000000, 0.393385,-0.211570;;,
      33;3; 0.000000, 0.393385,-0.211570;;,
      34;3; 0.000000, 0.393385,-0.211570;;,
      35;3; 0.000000, 0.393385,-0.211570;;,
      36;3; 0.000000, 0.393385,-0.211570;;,
      37;3; 0.000000, 0.393385,-0.211570;;,
      38;3; 0.000000, 0.393385,-0.211570;;,
      39;3; 0.000000, 0.393385,-0.211570;;;
    }
  }
  Animation {
    {Wolf_Skeleton_Bauch}
    AnimationKey { // Rotation
      0;
      40;
      0;4;-0.993956,-0.109781, 0.000000,-0.000000;;,
      1;4;-0.993956,-0.109781, 0.000000,-0.000000;;,
      2;4;-0.993956,-0.109781, 0.000000,-0.000000;;,
      3;4;-0.993956,-0.109781, 0.000000,-0.000000;;,
      4;4;-0.993956,-0.109781, 0.000000,-0.000000;;,
      5;4;-0.993956,-0.109781, 0.000000,-0.000000;;,
      6;4;-0.993956,-0.109781, 0.000000,-0.000000;;,
      7;4;-0.993956,-0.109781, 0.000000,-0.000000;;,
      8;4;-0.993956,-0.109781, 0.000000,-0.000000;;,
      9;4;-0.993956,-0.109781, 0.000000,-0.000000;;,
      10;4;-0.993956,-0.109781, 0.000000,-0.000000;;,
      11;4;-0.993956,-0.109781, 0.000000,-0.000000;;,
      12;4;-0.993956,-0.109781, 0.000000,-0.000000;;,
      13;4;-0.993956,-0.109781, 0.000000,-0.000000;;,
      14;4;-0.993956,-0.109781, 0.000000,-0.000000;;,
      15;4;-0.993956,-0.109781, 0.000000,-0.000000;;,
      16;4;-0.993956,-0.109781, 0.000000,-0.000000;;,
      17;4;-0.993956,-0.109781, 0.000000,-0.000000;;,
      18;4;-0.993956,-0.109781, 0.000000,-0.000000;;,
      19;4;-0.993956,-0.109781, 0.000000,-0.000000;;,
      20;4;-0.993956,-0.109781, 0.000000,-0.000000;;,
      21;4;-0.993956,-0.109781, 0.000000,-0.000000;;,
      22;4;-0.993956,-0.109781, 0.000000,-0.000000;;,
      23;4;-0.993956,-0.109781, 0.000000,-0.000000;;,
      24;4;-0.993956,-0.109781, 0.000000,-0.000000;;,
      25;4;-0.993956,-0.109781, 0.000000,-0.000000;;,
      26;4;-0.993956,-0.109781, 0.000000,-0.000000;;,
      27;4;-0.993956,-0.109781, 0.000000,-0.000000;;,
      28;4;-0.993956,-0.109781, 0.000000,-0.000000;;,
      29;4;-0.993956,-0.109781, 0.000000,-0.000000;;,
      30;4;-0.993956,-0.109781, 0.000000,-0.000000;;,
      31;4;-0.993956,-0.109781, 0.000000,-0.000000;;,
      32;4;-0.993956,-0.109781, 0.000000,-0.000000;;,
      33;4;-0.993956,-0.109781, 0.000000,-0.000000;;,
      34;4;-0.993956,-0.109781, 0.000000,-0.000000;;,
      35;4;-0.993956,-0.109781, 0.000000,-0.000000;;,
      36;4;-0.993956,-0.109781, 0.000000,-0.000000;;,
      37;4;-0.993956,-0.109781, 0.000000,-0.000000;;,
      38;4;-0.993956,-0.109781, 0.000000,-0.000000;;,
      39;4;-0.993956,-0.109781, 0.000000,-0.000000;;;
    }
    AnimationKey { // Scale
      1;
      40;
      0;3; 1.000000, 1.000000, 1.000000;;,
      1;3; 1.000000, 1.000000, 1.000000;;,
      2;3; 1.000000, 1.000000, 1.000000;;,
      3;3; 1.000000, 1.000000, 1.000000;;,
      4;3; 1.000000, 1.000000, 1.000000;;,
      5;3; 1.000000, 1.000000, 1.000000;;,
      6;3; 1.000000, 1.000000, 1.000000;;,
      7;3; 1.000000, 1.000000, 1.000000;;,
      8;3; 1.000000, 1.000000, 1.000000;;,
      9;3; 1.000000, 1.000000, 1.000000;;,
      10;3; 1.000000, 1.000000, 1.000000;;,
      11;3; 1.000000, 1.000000, 1.000000;;,
      12;3; 1.000000, 1.000000, 1.000000;;,
      13;3; 1.000000, 1.000000, 1.000000;;,
      14;3; 1.000000, 1.000000, 1.000000;;,
      15;3; 1.000000, 1.000000, 1.000000;;,
      16;3; 1.000000, 1.000000, 1.000000;;,
      17;3; 1.000000, 1.000000, 1.000000;;,
      18;3; 1.000000, 1.000000, 1.000000;;,
      19;3; 1.000000, 1.000000, 1.000000;;,
      20;3; 1.000000, 1.000000, 1.000000;;,
      21;3; 1.000000, 1.000000, 1.000000;;,
      22;3; 1.000000, 1.000000, 1.000000;;,
      23;3; 1.000000, 1.000000, 1.000000;;,
      24;3; 1.000000, 1.000000, 1.000000;;,
      25;3; 1.000000, 1.000000, 1.000000;;,
      26;3; 1.000000, 1.000000, 1.000000;;,
      27;3; 1.000000, 1.000000, 1.000000;;,
      28;3; 1.000000, 1.000000, 1.000000;;,
      29;3; 1.000000, 1.000000, 1.000000;;,
      30;3; 1.000000, 1.000000, 1.000000;;,
      31;3; 1.000000, 1.000000, 1.000000;;,
      32;3; 1.000000, 1.000000, 1.000000;;,
      33;3; 1.000000, 1.000000, 1.000000;;,
      34;3; 1.000000, 1.000000, 1.000000;;,
      35;3; 1.000000, 1.000000, 1.000000;;,
      36;3; 1.000000, 1.000000, 1.000000;;,
      37;3; 1.000000, 1.000000, 1.000000;;,
      38;3; 1.000000, 1.000000, 1.000000;;,
