xof 0303txt 0032

template AnimTicksPerSecond {
  <9E415A43-7BA6-4a73-8743-B73D47E88476>
  DWORD AnimTicksPerSecond;
}

template XSkinMeshHeader {
  <3cf169ce-ff7c-44ab-93c0-f78f62d172e2>
  WORD nMaxSkinWeightsPerVertex;
  WORD nMaxSkinWeightsPerFace;
  WORD nBones;
}

template SkinWeights {
  <6f0d123b-bad2-4167-a0d0-80224f25fabb>
  STRING transformNodeName;
  DWORD nWeights;
  array DWORD vertexIndices[nWeights];
  array float weights[nWeights];
  Matrix4x4 matrixOffset;
}

Frame Root {
  FrameTransformMatrix {
     1.000000, 0.000000, 0.000000, 0.000000,
     0.000000,-0.000000, 1.000000, 0.000000,
     0.000000, 1.000000, 0.000000, 0.000000,
     0.000000, 0.000000, 0.000000, 1.000000;;
  }
  Frame Wolf_Skeleton {
    FrameTransformMatrix {
       1.000000, 0.000000, 0.000000, 0.000000,
       0.000000, 1.000000, 0.000000, 0.000000,
       0.000000, 0.000000, 1.000000, 0.000000,
       0.000000, 0.000000, 0.000000, 1.000000;;
    }
    Frame Wolf_Skeleton_root {
      FrameTransformMatrix {
         1.000000, 0.000000, 0.000000, 0.000000,
        -0.000000,-0.000000, 1.000000, 0.000000,
         0.000000,-1.000000,-0.000000, 0.000000,
         0.000000, 0.000000, 0.000000, 1.000000;;
      }
      Frame Wolf_Skeleton_Becken {
        FrameTransformMatrix {
           1.000000,-0.000000, 0.000000, 0.000000,
          -0.000000,-0.578024, 0.816020, 0.000000,
           0.000000,-0.816020,-0.578024, 0.000000,
           0.000000, 0.500878,-0.103893, 1.000000;;
        }
        Frame Wolf_Skeleton_Bauch {
          FrameTransformMatrix {
             1.000000, 0.000000,-0.000000, 0.000000,
            -0.000000, 0.839122,-0.543943, 0.000000,
            -0.000000, 0.543943, 0.839122, 0.000000,
             0.000000, 0.101727,-0.036042, 1.000000;;
          }
          Frame Wolf_Skeleton_Bauch_001 {
            FrameTransformMatrix {
               1.000000, 0.000000,-0.000000, 0.000000,
              -0.000000, 0.975422,-0.220343, 0.000000,
              -0.000000, 0.220343, 0.975422, 0.000000,
               0.000000, 0.053255, 0.024428, 1.000000;;
            }
            Frame Wolf_Skeleton_Brust {
              FrameTransformMatrix {
                 1.000000,-0.000000,-0.000000, 0.000000,
                 0.000000, 0.962392,-0.271663, 0.000000,
                 0.000000, 0.271663, 0.962392, 0.000000,
                 0.000000, 0.106983, 0.000000, 1.000000;;
              }
              Frame Wolf_Skeleton_Bauch_003 {
                FrameTransformMatrix {
                   1.000000, 0.000000, 0.000000, 0.000000,
                   0.000000,-0.739396, 0.673271, 0.000000,
                  -0.000000,-0.673271,-0.739397, 0.000000,
                  -0.000000, 0.127687,-0.060796, 1.000000;;
                }
                Frame Wolf_Skeleton_Schalterplatte_L {
                  FrameTransformMatrix {
                     0.902805,-0.429945,-0.009498, 0.000000,
                     0.147829, 0.331003,-0.931978, 0.000000,
                     0.403844, 0.839990, 0.362390, 0.000000,
                     0.038208, 0.089257,-0.000000, 1.000000;;
                  }
                  Frame Wolf_Skeleton_Oberarm_L {
                    FrameTransformMatrix {
                       0.886758, 0.124995, 0.445013, 0.000000,
                      -0.461308, 0.300197, 0.834911, 0.000000,
                      -0.029232,-0.945652, 0.323863, 0.000000,
                      -0.000000, 0.141863,-0.000000, 1.000000;;
                    }
                    Frame Wolf_Skeleton_Unterarm_L {
                      FrameTransformMatrix {
                         0.999828, 0.008090,-0.016676, 0.000000,
                        -0.016819, 0.773988,-0.632977, 0.000000,
                         0.007786, 0.633148, 0.773991, 0.000000,
                        -0.000000, 0.202823,-0.000000, 1.000000;;
                      }
                      Frame Wolf_Skeleton_Vorderpfote_L {
                        FrameTransformMatrix {
                           0.999799, 0.016356, 0.011590, 0.000000,
                           0.008763, 0.163397,-0.986522, 0.000000,
                          -0.018029, 0.986425, 0.163221, 0.000000,
                           0.000000, 0.170595,-0.000000, 1.000000;;
                        }
                      } // End of Wolf_Skeleton_Vorderpfote_L
                    } // End of Wolf_Skeleton_Unterarm_L
                  } // End of Wolf_Skeleton_Oberarm_L
                } // End of Wolf_Skeleton_Schalterplatte_L
                Frame Wolf_Skeleton_Schalterplatte_R {
                  FrameTransformMatrix {
                     0.868061, 0.496278,-0.013348, 0.000000,
                    -0.201653, 0.327895,-0.922941, 0.000000,
                    -0.453659, 0.803861, 0.384709, 0.000000,
                    -0.038208, 0.089257,-0.000000, 1.000000;;
                  }
                  Frame Wolf_Skeleton_Oberarm_R {
                    FrameTransformMatrix {
                       0.817278,-0.181391,-0.546950, 0.000000,
                       0.575893, 0.290204, 0.764283, 0.000000,
                       0.020093,-0.939616, 0.341639, 0.000000,
                      -0.000000, 0.141863,-0.000000, 1.000000;;
                    }
                    Frame Wolf_Skeleton_Unterarm_R {
                      FrameTransformMatrix {
                         0.999624, 0.019081,-0.019687, 0.000000,
                        -0.027203, 0.779703,-0.625558, 0.000000,
                         0.003414, 0.625858, 0.779929, 0.000000,
                        -0.000000, 0.202823,-0.000000, 1.000000;;
                      }
                      Frame Wolf_Skeleton_Vorderpfote_R {
                        FrameTransformMatrix {
                           0.995804,-0.084584,-0.034927, 0.000000,
                          -0.019887, 0.172527,-0.984804, 0.000000,
                           0.089325, 0.981366, 0.170121, 0.000000,
                          -0.000000, 0.170594, 0.000000, 1.000000;;
                        }
                      } // End of Wolf_Skeleton_Vorderpfote_R
                    } // End of Wolf_Skeleton_Unterarm_R
                  } // End of Wolf_Skeleton_Oberarm_R
                } // End of Wolf_Skeleton_Schalterplatte_R
              } // End of Wolf_Skeleton_Bauch_003
              Frame Wolf_Skeleton_Hals {
                FrameTransformMatrix {
                   1.000000, 0.000000, 0.000000, 0.000000,
                  -0.000000, 0.683563,-0.729891, 0.000000,
                  -0.000000, 0.729891, 0.683563, 0.000000,
                  -0.000000, 0.125802, 0.060796, 1.000000;;
                }
                Frame Wolf_Skeleton_Kopf_002 {
                  FrameTransformMatrix {
                     1.000000, 0.000074, 0.000112, 0.000000,
                     0.000043,-0.966598, 0.256296, 0.000000,
                     0.000128,-0.256296,-0.966599, 0.000000,
                    -0.000003, 0.175259, 0.026518, 1.000000;;
                  }
                  Frame Wolf_Skeleton_Kopf {
                    FrameTransformMatrix {
                       0.999999,-0.001567, 0.000401, 0.000000,
                      -0.000249,-0.394391,-0.918943, 0.000000,
                       0.001599, 0.918942,-0.394390, 0.000000,
                       0.000000, 0.101578, 0.000000, 1.000000;;
                    }
                    Frame Wolf_Skeleton_Braun_O_L {
                      FrameTransformMatrix {
                        -0.215072,-0.841501, 0.495601, 0.000000,
                        -0.651372, 0.501713, 0.569209, 0.000000,
                        -0.727639,-0.200400,-0.656035, 0.000000,
                         0.037061, 0.098019,-0.032925, 1.000000;;
                      }
                    } // End of Wolf_Skeleton_Braun_O_L
                    Frame Wolf_Skeleton_Braun_O_R {
                      FrameTransformMatrix {
                        -0.213067, 0.841608,-0.496285, 0.000000,
                         0.649799, 0.501389, 0.571289, 0.000000,
                         0.729633,-0.200763,-0.653705, 0.000000,
                        -0.036907, 0.098037,-0.033043, 1.000000;;
                      }
                    } // End of Wolf_Skeleton_Braun_O_R
                    Frame Wolf_Skeleton_Mauloben {
                      FrameTransformMatrix {
                         0.999999,-0.000249, 0.001599, 0.000000,
                        -0.000551, 0.876499, 0.481403, 0.000000,
                        -0.001521,-0.481403, 0.876498, 0.000000,
                        -0.000041, 0.091015, 0.040036, 1.000000;;
                      }
                    } // End of Wolf_Skeleton_Mauloben
                    Frame Wolf_Skeleton_MundW_L {
                      FrameTransformMatrix {
                        -0.905607,-0.423681, 0.019248, 0.000000,
                        -0.397754, 0.864190, 0.308169, 0.000000,
                        -0.147199, 0.271424,-0.951137, 0.000000,
                         0.036185, 0.067305, 0.037514, 1.000000;;
                      }
                    } // End of Wolf_Skeleton_MundW_L
                    Frame Wolf_Skeleton_MundW_R {
                      FrameTransformMatrix {
                        -0.905320, 0.424154,-0.022124, 0.000000,
                         0.397224, 0.863981, 0.309435, 0.000000,
                         0.150363, 0.271350,-0.950663, 0.000000,
                        -0.036271, 0.067323, 0.037398, 1.000000;;
                      }
                    } // End of Wolf_Skeleton_MundW_R
                    Frame Wolf_Skeleton_Ohr_L {
                      FrameTransformMatrix {
                         0.965170, 0.082900, 0.248141, 0.000000,
                         0.155700, 0.580206,-0.799449, 0.000000,
                        -0.210247, 0.810240, 0.547090, 0.000000,
                         0.036601, 0.064078,-0.068932, 1.000000;;
                      }
                    } // End of Wolf_Skeleton_Ohr_L
                    Frame Wolf_Skeleton_Ohr_R {
                      FrameTransformMatrix {
                         0.965917,-0.083381,-0.245054, 0.000000,
                        -0.152854, 0.580283,-0.799942, 0.000000,
                         0.208900, 0.810136, 0.547760, 0.000000,
                        -0.036349, 0.064096,-0.069049, 1.000000;;
                      }
                    } // End of Wolf_Skeleton_Ohr_R
                    Frame Wolf_Skeleton_Unterkiefer {
                      FrameTransformMatrix {
                         0.998833, 0.033649,-0.034647, 0.000000,
                         0.019858, 0.367792, 0.929696, 0.000000,
                         0.044026,-0.929299, 0.366695, 0.000000,
                        -0.000456, 0.063704, 0.040607, 1.000000;;
                      }
                      Frame Wolf_Skeleton_Hals_fett {
                        FrameTransformMatrix {
                           0.998768, 0.021253, 0.044844, 0.000000,
                          -0.049424, 0.507204, 0.860408, 0.000000,
                          -0.004459,-0.861564, 0.507629, 0.000000,
                          -0.000772, 0.029982, 0.012065, 1.000000;;
                        }
                      } // End of Wolf_Skeleton_Hals_fett
                      Frame Wolf_Skeleton_Maulunten {
                        FrameTransformMatrix {
                           0.998768, 0.021253, 0.044844, 0.000000,
                           0.011697, 0.777376,-0.628928, 0.000000,
                          -0.048227, 0.628677, 0.776169, 0.000000,
                           0.000772, 0.008319,-0.012065, 1.000000;;
                        }
                      } // End of Wolf_Skeleton_Maulunten
                    } // End of Wolf_Skeleton_Unterkiefer
                    Frame Wolf_Skeleton_aug_lied_O_L {
                      FrameTransformMatrix {
                        -0.470102,-0.879511, 0.073916, 0.000000,
                        -0.815561, 0.464881, 0.344593, 0.000000,
                        -0.337436, 0.101711,-0.935837, 0.000000,
                         0.032715, 0.103888,-0.016081, 1.000000;;
                      }
                    } // End of Wolf_Skeleton_aug_lied_O_L
                    Frame Wolf_Skeleton_aug_lied_O_R {
                      FrameTransformMatrix {
                        -0.469425, 0.879746,-0.075418, 0.000000,
                         0.814687, 0.464475, 0.347200, 0.000000,
                         0.340477, 0.101542,-0.934754, 0.000000,
                        -0.032611, 0.103905,-0.016185, 1.000000;;
                      }
                    } // End of Wolf_Skeleton_aug_lied_O_R
                    Frame Wolf_Skeleton_aug_lied_U_L {
                      FrameTransformMatrix {
                        -0.319276,-0.896295, 0.307762, 0.000000,
                        -0.760608, 0.436084, 0.480943, 0.000000,
                        -0.565277,-0.080533,-0.820961, 0.000000,
                         0.033129, 0.102192,-0.013384, 1.000000;;
                      }
                    } // End of Wolf_Skeleton_aug_lied_U_L
                    Frame Wolf_Skeleton_aug_lied_U_R {
                      FrameTransformMatrix {
                        -0.317843, 0.896454,-0.308781, 0.000000,
                         0.759284, 0.435705, 0.483373, 0.000000,
                         0.567859,-0.080815,-0.819149, 0.000000,
                        -0.033035, 0.102208,-0.013489, 1.000000;;
                      }
                    } // End of Wolf_Skeleton_aug_lied_U_R
                  } // End of Wolf_Skeleton_Kopf
                } // End of Wolf_Skeleton_Kopf_002
              } // End of Wolf_Skeleton_Hals
            } // End of Wolf_Skeleton_Brust
          } // End of Wolf_Skeleton_Bauch_001
        } // End of Wolf_Skeleton_Bauch
        Frame Wolf_Skeleton_Oberschenkel_L {
          FrameTransformMatrix {
             0.991533, 0.068987,-0.110011, 0.000000,
             0.088429, 0.261661, 0.961101, 0.000000,
             0.095089,-0.962691, 0.253345, 0.000000,
             0.058370, 0.054300, 0.011532, 1.000000;;
          }
          Frame Wolf_Skeleton_Unterschenkel_L {
            FrameTransformMatrix {
               0.988238, 0.094348, 0.120347, 0.000000,
              -0.148249, 0.784130, 0.602629, 0.000000,
              -0.037511,-0.613382, 0.788895, 0.000000,
               0.000000, 0.168644, 0.000000, 1.000000;;
            }
            Frame Wolf_Skeleton_Pfote1_L {
              FrameTransformMatrix {
                 0.991593,-0.125364,-0.032050, 0.000000,
                 0.087484, 0.832024,-0.547797, 0.000000,
                 0.095340, 0.540388, 0.835997, 0.000000,
                 0.000000, 0.119090, 0.000000, 1.000000;;
              }
              Frame Wolf_Skeleton_Pfote2_L {
                FrameTransformMatrix {
                   0.996765, 0.037760, 0.070947, 0.000000,
                   0.071167,-0.004516,-0.997454, 0.000000,
                  -0.037343, 0.999277,-0.007189, 0.000000,
                  -0.000000, 0.098763, 0.000000, 1.000000;;
                }
              } // End of Wolf_Skeleton_Pfote2_L
            } // End of Wolf_Skeleton_Pfote1_L
          } // End of Wolf_Skeleton_Unterschenkel_L
        } // End of Wolf_Skeleton_Oberschenkel_L
        Frame Wolf_Skeleton_Oberschenkel_R {
          FrameTransformMatrix {
             0.991529,-0.068973, 0.110061, 0.000000,
            -0.088417, 0.262314, 0.960923, 0.000000,
            -0.095148,-0.962514, 0.253994, 0.000000,
            -0.058370, 0.054300, 0.011532, 1.000000;;
          }
          Frame Wolf_Skeleton_Unterschenkel_R {
            FrameTransformMatrix {
               0.988237,-0.094362,-0.120342, 0.000000,
               0.148278, 0.783800, 0.603052, 0.000000,
               0.037419,-0.613803, 0.788572, 0.000000,
              -0.000000, 0.168645, 0.000000, 1.000000;;
            }
            Frame Wolf_Skeleton_Pfote1_R {
              FrameTransformMatrix {
                 0.991598, 0.125317, 0.032080, 0.000000,
                -0.087566, 0.832807,-0.546593, 0.000000,
                -0.095214, 0.539192, 0.836783, 0.000000,
                 0.000000, 0.119090,-0.000000, 1.000000;;
              }
              Frame Wolf_Skeleton_Pfote2_R {
                FrameTransformMatrix {
                  -0.995786, 0.037959, 0.083479, 0.000000,
                  -0.083696,-0.004156,-0.996483, 0.000000,
                  -0.037479,-0.999271, 0.007316, 0.000000,
                   0.000000, 0.098762,-0.000000, 1.000000;;
                }
              } // End of Wolf_Skeleton_Pfote2_R
            } // End of Wolf_Skeleton_Pfote1_R
          } // End of Wolf_Skeleton_Unterschenkel_R
        } // End of Wolf_Skeleton_Oberschenkel_R
        Frame Wolf_Skeleton_Schwanz {
          FrameTransformMatrix {
             1.000000,-0.000000, 0.000000, 0.000000,
            -0.000000,-0.855324, 0.518093, 0.000000,
             0.000000,-0.518093,-0.855325, 0.000000,
            -0.000000,-0.002795, 0.012527, 1.000000;;
          }
          Frame Wolf_Skeleton_Schwanz_001 {
            FrameTransformMatrix {
               1.000000,-0.000000, 0.000000, 0.000000,
              -0.000000, 0.991250, 0.131998, 0.000000,
               0.000000,-0.131998, 0.991250, 0.000000,
              -0.000000, 0.091043,-0.000000, 1.000000;;
            }
            Frame Wolf_Skeleton_Schwanz_002 {
              FrameTransformMatrix {
                 1.000000, 0.000000, 0.000000, 0.000000,
                 0.000000, 0.971068, 0.238804, 0.000000,
                -0.000000,-0.238803, 0.971068, 0.000000,
                -0.000000, 0.078557, 0.000000, 1.000000;;
              }
              Frame Wolf_Skeleton_Schwanz_003 {
                FrameTransformMatrix {
                   1.000000, 0.000000, 0.000000, 0.000000,
                  -0.000000, 0.979563, 0.201139, 0.000000,
                   0.000000,-0.201139, 0.979563, 0.000000,
                   0.000000, 0.083503,-0.000000, 1.000000;;
                }
              } // End of Wolf_Skeleton_Schwanz_003
            } // End of Wolf_Skeleton_Schwanz_002
          } // End of Wolf_Skeleton_Schwanz_001
        } // End of Wolf_Skeleton_Schwanz
      } // End of Wolf_Skeleton_Becken
    } // End of Wolf_Skeleton_root
  } // End of Wolf_Skeleton
} // End of Root
AnimTicksPerSecond {
  30;
}
AnimationSet Wolf_seat_ {
  Animation {
    {Wolf_Skeleton}
    AnimationKey { // Rotation
      0;
      10;
      0;4;-1.000000, 0.000000, 0.000000, 0.000000;;,
      1;4;-1.000000, 0.000000, 0.000000, 0.000000;;,
      2;4;-1.000000, 0.000000, 0.000000, 0.000000;;,
      3;4;-1.000000, 0.000000, 0.000000, 0.000000;;,
      4;4;-1.000000, 0.000000, 0.000000, 0.000000;;,
      5;4;-1.000000, 0.000000, 0.000000, 0.000000;;,
      6;4;-1.000000, 0.000000, 0.000000, 0.000000;;,
      7;4;-1.000000, 0.000000, 0.000000, 0.000000;;,
      8;4;-1.000000, 0.000000, 0.000000, 0.000000;;,
      9;4;-1.000000, 0.000000, 0.000000, 0.000000;;;
    }
    AnimationKey { // Scale
      1;
      10;
      0;3; 1.000000, 1.000000, 1.000000;;,
      1;3; 1.000000, 1.000000, 1.000000;;,
      2;3; 1.000000, 1.000000, 1.000000;;,
      3;3; 1.000000, 1.000000, 1.000000;;,
      4;3; 1.000000, 1.000000, 1.000000;;,
      5;3; 1.000000, 1.000000, 1.000000;;,
      6;3; 1.000000, 1.000000, 1.000000;;,
      7;3; 1.000000, 1.000000, 1.000000;;,
      8;3; 1.000000, 1.000000, 1.000000;;,
      9;3; 1.000000, 1.000000, 1.000000;;;
    }
    AnimationKey { // Position
      2;
      10;
      0;3; 0.000000, 0.000000, 0.000000;;,
      1;3; 0.000000, 0.000000, 0.000000;;,
      2;3; 0.000000, 0.000000, 0.000000;;,
      3;3; 0.000000, 0.000000, 0.000000;;,
      4;3; 0.000000, 0.000000, 0.000000;;,
      5;3; 0.000000, 0.000000, 0.000000;;,
      6;3; 0.000000, 0.000000, 0.000000;;,
      7;3; 0.000000, 0.000000, 0.000000;;,
      8;3; 0.000000, 0.000000, 0.000000;;,
      9;3; 0.000000, 0.000000, 0.000000;;;
    }
  }
  Animation {
    {Wolf_Skeleton_root}
    AnimationKey { // Rotation
      0;
      10;
      0;4;-0.707107, 0.707107, 0.000000, 0.000000;;,
      1;4;-0.707107, 0.707107, 0.000000, 0.000000;;,
      2;4;-0.707107, 0.707107, 0.000000, 0.000000;;,
      3;4;-0.707107, 0.707107, 0.000000, 0.000000;;,
      4;4;-0.707107, 0.707107, 0.000000, 0.000000;;,
      5;4;-0.707107, 0.707107, 0.000000, 0.000000;;,
      6;4;-0.707107, 0.707107, 0.000000, 0.000000;;,
      7;4;-0.707107, 0.707107, 0.000000, 0.000000;;,
      8;4;-0.707107, 0.707107, 0.000000, 0.000000;;,
      9;4;-0.707107, 0.707107, 0.000000, 0.000000;;;
    }
    AnimationKey { // Scale
      1;
      10;
      0;3; 1.000000, 1.000000, 1.000000;;,
      1;3; 1.000000, 1.000000, 1.000000;;,
      2;3; 1.000000, 1.000000, 1.000000;;,
      3;3; 1.000000, 1.000000, 1.000000;;,
      4;3; 1.000000, 1.000000, 1.000000;;,
      5;3; 1.000000, 1.000000, 1.000000;;,
      6;3; 1.000000, 1.000000, 1.000000;;,
      7;3; 1.000000, 1.000000, 1.000000;;,
      8;3; 1.000000, 1.000000, 1.000000;;,
      9;3; 1.000000, 1.000000, 1.000000;;;
    }
    AnimationKey { // Position
      2;
      10;
      0;3; 0.000000, 0.000000, 0.000000;;,
      1;3; 0.000000, 0.000000, 0.000000;;,
      2;3; 0.000000, 0.000000, 0.000000;;,
      3;3; 0.000000, 0.000000, 0.000000;;,
      4;3; 0.000000, 0.000000, 0.000000;;,
      5;3; 0.000000, 0.000000, 0.000000;;,
      6;3; 0.000000, 0.000000, 0.000000;;,
      7;3; 0.000000, 0.000000, 0.000000;;,
      8;3; 0.000000, 0.000000, 0.000000;;,
      9;3; 0.000000, 0.000000, 0.000000;;;
    }
  }
  Animation {
    {Wolf_Skeleton_Becken}
    AnimationKey { // Rotation
      0;
      10;
      0;4;-0.459334, 0.888263,-0.000000, 0.000000;;,
      1;4;-0.459334, 0.888263,-0.000000, 0.000000;;,
      2;4;-0.459334, 0.888263,-0.000000, 0.000000;;,
      3;4;-0.459334, 0.888263,-0.000000, 0.000000;;,
      4;4;-0.459334, 0.888263,-0.000000, 0.000000;;,
      5;4;-0.459334, 0.888263,-0.000000, 0.000000;;,
      6;4;-0.459334, 0.888263,-0.000000, 0.000000;;,
      7;4;-0.459334, 0.888263,-0.000000, 0.000000;;,
      8;4;-0.459334, 0.888263,-0.000000, 0.000000;;,
      9;4;-0.459334, 0.888263,-0.000000, 0.000000;;;
    }
    AnimationKey { // Scale
      1;
      10;
      0;3; 1.000000, 1.000000, 1.000000;;,
      1;3; 1.000000, 1.000000, 1.000000;;,
      2;3; 1.000000, 1.000000, 1.000000;;,
      3;3; 1.000000, 1.000000, 1.000000;;,
      4;3; 1.000000, 1.000000, 1.000000;;,
      5;3; 1.000000, 1.000000, 1.000000;;,
      6;3; 1.000000, 1.000000, 1.000000;;,
      7;3; 1.000000, 1.000000, 1.000000;;,
      8;3; 1.000000, 1.000000, 1.000000;;,
      9;3; 1.000000, 1.000000, 1.000000;;;
    }
    AnimationKey { // Position
      2;
      10;
      0;3; 0.000000, 0.500878,-0.103893;;,
      1;3; 0.000000, 0.500878,-0.103893;;,
      2;3; 0.000000, 0.500878,-0.103893;;,
      3;3; 0.000000, 0.500878,-0.103893;;,
      4;3; 0.000000, 0.500878,-0.103893;;,
      5;3; 0.000000, 0.500878,-0.103893;;,
      6;3; 0.000000, 0.500878,-0.103893;;,
      7;3; 0.000000, 0.500878,-0.103893;;,
      8;3; 0.000000, 0.500878,-0.103893;;,
      9;3; 0.000000, 0.500878,-0.103893;;;
    }
  }
  Animation {
    {Wolf_Skeleton_Bauch}
    AnimationKey { // Rotation
      0;
      10;
      0;4;-0.958937,-0.283618, 0.000000, 0.000000;;,
      1;4;-0.958937,-0.283618, 0.000000, 0.000000;;,
      2;4;-0.958937,-0.283618, 0.000000, 0.000000;;,
      3;4;-0.958937,-0.283618, 0.000000, 0.000000;;,
      4;4;-0.958937,-0.283618, 0.000000, 0.000000;;,
      5;4;-0.958937,-0.283618, 0.000000, 0.000000;;,
      6;4;-0.958937,-0.283618, 0.000000, 0.000000;;,
      7;4;-0.958937,-0.283618, 0.000000, 0.000000;;,
      8;4;-0.958937,-0.283618, 0.000000, 0.000000;;,
      9;4;-0.958937,-0.283618, 0.000000, 0.000000;;;
    }
    AnimationKey { // Scale
      1;
      10;
      0;3; 1.000000, 1.000000, 1.000000;;,
      1;3; 1.000000, 1.000000, 1.000000;;,
      2;3; 1.000000, 1.000000, 1.000000;;,
      3;3; 1.000000, 1.000000, 1.000000;;,
      4;3; 1.000000, 1.000000, 1.000000;;,
      5;3; 1.000000, 1.000000, 1.000000;;,
      6;3; 1.000000, 1.000000, 1.000000;;,
      7;3; 1.000000, 1.000000, 1.000000;;,
      8;3; 1.000000, 1.000000, 1.000000;;,
      9;3; 1.000000, 1.000000, 1.000000;;;
    }
    AnimationKey { // Position
      2;
      10;
      0;3; 0.000000, 0.101727,-0.036042;;,
      1;3; 0.000000, 0.101727,-0.036042;;,
      2;3; 0.000000, 0.101727,-0.036042;;,
      3;3; 0.000000, 0.101727,-0.036042;;,
      4;3; 0.000000, 0.101727,-0.036042;;,
      5;3; 0.000000, 0.101727,-0.036042;;,
      6;3; 0.000000, 0.101727,-0.036042;;,
      7;3; 0.000000, 0.101727,-0.036042;;,
      8;3; 0.000000, 0.101727,-0.036042;;,
      9;3; 0.000000, 0.101727,-0.036042;;;
    }
  }
  Animation {
    {Wolf_Skeleton_Bauch_001}
    AnimationKey { // Rotation
      0;
      10;
      0;4;-0.993837,-0.110855, 0.000000, 0.000000;;,
      1;4;-0.993837,-0.110855, 0.000000, 0.000000;;,
      2;4;-0.993837,-0.110855, 0.000000, 0.000000;;,
      3;4;-0.993837,-0.110855, 0.000000, 0.000000;;,
      4;4;-0.993837,-0.110855, 0.000000, 0.000000;;,
      5;4;-0.993837,-0.110855, 0.000000, 0.000000;;,
      6;4;-0.993837,-0.110855, 0.000000, 0.000000;;,
      7;4;-0.993837,-0.110855, 0.000000, 0.000000;;,
      8;4;-0.993837,-0.110855, 0.000000, 0.000000;;,
      9;4;-0.993837,-0.110855, 0.000000, 0.000000;;;
    }
    AnimationKey { // Scale
      1;
      10;
      0;3; 1.000000, 1.000000, 1.000000;;,
      1;3; 1.000000, 1.000000, 1.000000;;,
      2;3; 1.000000, 1.000000, 1.000000;;,
      3;3; 1.000000, 1.000000, 1.000000;;,
      4;3; 1.000000, 1.000000, 1.000000;;,
      5;3; 1.000000, 1.000000, 1.000000;;,
      6;3; 1.000000, 1.000000, 1.000000;;,
      7;3; 1.000000, 1.000000, 1.000000;;,
      8;3; 1.000000, 1.000000, 1.000000;;,
      9;3; 1.000000, 1.000000, 1.000000;;;
    }
    AnimationKey { // Position
      2;
      10;
      0;3; 0.000000, 0.053255, 0.024428;;,
      1;3; 0.000000, 0.053255, 0.024428;;,
      2;3; 0.000000, 0.053255, 0.024428;;,
      3;3; 0.000000, 0.053255, 0.024428;;,
      4;3; 0.000000, 0.053255, 0.024428;;,
      5;3; 0.000000, 0.053255, 0.024428;;,
      6;3; 0.000000, 0.053255, 0.024428;;,
      7;3; 0.000000, 0.053255, 0.024428;;,
      8;3; 0.000000, 0.053255, 0.024428;;,
      9;3; 0.000000, 0.053255, 0.024428;;;
    }
  }
  Animation {
    {Wolf_Skeleton_Brust}
    AnimationKey { // Rotation
      0;
      10;
      0;4;-0.990553,-0.137127, 0.000000,-0.000000;;,
      1;4;-0.990553,-0.137127, 0.000000,-0.000000;;,
      2;4;-0.992541,-0.121915, 0.000000,-0.000000;;,
      3;4;-0.995960,-0.089794, 0.000000, 0.000000;;,
      4;4;-0.998691,-0.051144, 0.000000,-0.000000;;,
      5;4;-0.999936,-0.011272, 0.000000,-0.000000;;,
      6;4;-0.999653, 0.026355, 0.000000, 0.000000;;,
      7;4;-0.998249, 0.059147, 0.000000,-0.000000;;,
      8;4;-0.996382, 0.084988, 0.000000, 0.000000;;,
      9;4;-0.994788, 0.101962, 0.000000, 0.000000;;;
    }
    AnimationKey { // Scale
      1;
      10;
      0;3; 1.000000, 1.000000, 1.000000;;,
      1;3; 1.000000, 1.000000, 1.000000;;,
      2;3; 1.000000, 1.000000, 1.000000;;,
      3;3; 1.000000, 1.000000, 1.000000;;,
      4;3; 1.000000, 1.000000, 1.000000;;,
      5;3; 1.000000, 1.000000, 1.000000;;,
      6;3; 1.000000, 1.000000, 1.000000;;,
      7;3; 1.000000, 1.000000, 1.000000;;,
      8;3; 1.000000, 1.000000, 1.000000;;,
      9;3; 1.000000, 1.000000, 1.000000;;;
    }
    AnimationKey { // Position
      2;
      10;
      0;3; 0.000000, 0.106983, 0.000000;;,
      1;3; 0.000000, 0.106983, 0.000000;;,
      2;3; 0.000000, 0.105832,-0.000224;;,
      3;3; 0.000000, 0.103417,-0.000692;;,
      4;3; 0.000000, 0.100536,-0.001250;;,
      5;3; 0.000000, 0.097577,-0.001823;;,
      6;3; 0.000000, 0.094787,-0.002364;;,
      7;3; 0.000000, 0.092347,-0.002837;;,
      8;3; 0.000000, 0.090413,-0.003211;;,
      9;3; 0.000000, 0.089135,-0.003459;;;
    }
  }
  Animation {
    {Wolf_Skeleton_Hals}
    AnimationKey { // Rotation
      0;
      10;
      0;4;-0.917487,-0.397767,-0.000000, 0.000000;;,
      1;4;-0.917487,-0.397767,-0.000000, 0.000000;;,
      2;4;-0.923321,-0.384028, 0.000000, 0.000000;;,
      3;4;-0.934930,-0.354831, 0.000000, 0.000000;;,
      4;4;-0.947633,-0.319360, 0.000000, 0.000000;;,
      5;4;-0.959305,-0.282373, 0.000000, 0.000000;;,
      6;4;-0.968991,-0.247096, 0.000000, 0.000000;;,
      7;4;-0.976383,-0.216047, 0.000000, 0.000000;;,
      8;4;-0.981517,-0.191377, 0.000000, 0.000000;;,
      9;4;-0.984556,-0.175072, 0.000000, 0.000000;;;
    }
    AnimationKey { // Scale
      1;
      10;
      0;3; 1.000000, 1.000000, 1.000000;;,
      1;3; 1.000000, 1.000000, 1.000000;;,
      2;3; 1.000000, 1.000000, 1.000000;;,
      3;3; 1.000000, 1.000000, 1.000000;;,
      4;3; 1.000000, 1.000000, 1.000000;;,
      5;3; 1.000000, 1.000000, 1.000000;;,
      6;3; 1.000000, 1.000000, 1.000000;;,
      7;3; 1.000000, 1.000000, 1.000000;;,
      8;3; 1.000000, 1.000000, 1.000000;;,
      9;3; 1.000000, 1.000000, 1.000000;;;
    }
    AnimationKey { // Position
      2;
      10;
      0;3;-0.000000, 0.125802, 0.060796;;,
      1;3;-0.000000, 0.125802, 0.060796;;,
      2;3;-0.000000, 0.124105, 0.058596;;,
      3;3; 0.000000, 0.120549, 0.053985;;,
      4;3; 0.000000, 0.116306, 0.048482;;,
      5;3; 0.000000, 0.111950, 0.042833;;,
      6;3; 0.000000, 0.107841, 0.037504;;,
      7;3;-0.000000, 0.104247, 0.032844;;,
      8;3; 0.000000, 0.101398, 0.029149;;,
      9;3; 0.000000, 0.099517, 0.026709;;;
    }
  }
  Animation {
    {Wolf_Skeleton_Kopf_002}
    AnimationKey { // Rotation
      0;
      10;
      0;4;-0.129231, 0.991614, 0.000030, 0.000060;;,
      1;4;-0.129231, 0.991614, 0.000030, 0.000060;;,
      2;4;-0.129231, 0.991615, 0.000030, 0.000060;;,
      3;4;-0.129231, 0.991615, 0.000030, 0.000060;;,
      4;4;-0.129231, 0.991614, 0.000030, 0.000060;;,
      5;4;-0.129231, 0.991615, 0.000030, 0.000060;;,
      6;4;-0.129232, 0.991614, 0.000030, 0.000060;;,
      7;4;-0.129231, 0.991615, 0.000030, 0.000060;;,
      8;4;-0.129231, 0.991614, 0.000030, 0.000060;;,
      9;4;-0.129231, 0.991615, 0.000030, 0.000060;;;
    }
    AnimationKey { // Scale
      1;
      10;
      0;3; 1.000000, 1.000000, 1.000000;;,
      1;3; 1.000000, 1.000000, 1.000000;;,
      2;3; 1.000000, 1.000000, 1.000000;;,
      3;3; 1.000000, 1.000000, 1.000000;;,
      4;3; 1.000000, 1.000000, 1.000000;;,
      5;3; 1.000000, 1.000000, 1.000000;;,
      6;3; 1.000000, 1.000000, 1.000000;;,
      7;3; 1.000000, 1.000000, 1.000000;;,
      8;3; 1.000000, 1.000000, 1.000000;;,
      9;3; 1.000000, 1.000000, 1.000000;;;
    }
    AnimationKey { // Position
      2;
      10;
      0;3;-0.000003, 0.175259, 0.026518;;,
      1;3;-0.000003, 0.175259, 0.026518;;,
      2;3;-0.000003, 0.175259, 0.026518;;,
      3;3;-0.000003, 0.175259, 0.026518;;,
      4;3;-0.000003, 0.175259, 0.026518;;,
      5;3;-0.000003, 0.175259, 0.026518;;,
      6;3;-0.000003, 0.175259, 0.026518;;,
      7;3;-0.000003, 0.175259, 0.026518;;,
      8;3;-0.000003, 0.175259, 0.026518;;,
      9;3;-0.000003, 0.175259, 0.026518;;;
    }
  }
  Animation {
    {Wolf_Skeleton_Kopf}
    AnimationKey { // Rotation
      0;
      10;
      0;4;-0.550277,-0.834982, 0.000544,-0.000599;;,
      1;4;-0.550277,-0.834982, 0.000544,-0.000599;;,
      2;4;-0.558456,-0.829534, 0.000550,-0.000593;;,
      3;4;-0.575454,-0.817834, 0.000562,-0.000582;;,
      4;4;-0.595457,-0.803387, 0.000576,-0.000568;;,
      5;4;-0.615638,-0.788028, 0.000590,-0.000553;;,
      6;4;-0.634313,-0.773076, 0.000603,-0.000539;;,
      7;4;-0.650332,-0.759650, 0.000614,-0.000526;;,
      8;4;-0.662805,-0.748791, 0.000623,-0.000516;;,
      9;4;-0.670934,-0.741516, 0.000629,-0.000509;;;
    }
    AnimationKey { // Scale
      1;
      10;
      0;3; 1.000000, 1.000000, 1.000000;;,
      1;3; 1.000000, 1.000000, 1.000000;;,
      2;3; 1.000000, 1.000000, 1.000000;;,
      3;3; 1.000000, 1.000000, 1.000000;;,
      4;3; 1.000000, 1.000000, 1.000000;;,
      5;3; 1.000000, 1.000000, 1.000000;;,
      6;3; 1.000000, 1.000000, 1.000000;;,
      7;3; 1.000000, 1.000000, 1.000000;;,
      8;3; 1.000000, 1.000000, 1.000000;;,
      9;3; 1.000000, 1.000000, 1.000000;;;
    }
    AnimationKey { // Position
      2;
      10;
      0;3; 0.000000, 0.101578, 0.000000;;,
      1;3; 0.000000, 0.101578, 0.000000;;,
      2;3; 0.000000, 0.101578, 0.000000;;,
      3;3; 0.000000, 0.101578, 0.000000;;,
      4;3; 0.000000, 0.101578, 0.000000;;,
      5;3; 0.000000, 0.101578,-0.000000;;,
      6;3; 0.000000, 0.101578, 0.000000;;,
      7;3; 0.000000, 0.101578,-0.000000;;,
      8;3;-0.000000, 0.101578, 0.000001;;,
      9;3; 0.000000, 0.101578, 0.000001;;;
    }
  }
  Animation {
    {Wolf_Skeleton_Unterkiefer}
    AnimationKey { // Rotation
      0;
      10;
      0;4;-0.826638, 0.562216, 0.023793, 0.004171;;,
      1;4;-0.826638, 0.562216, 0.023793, 0.004171;;,
      2;4;-0.826638, 0.562216, 0.023793, 0.004171;;,
      3;4;-0.826638, 0.562216, 0.023793, 0.004171;;,
      4;4;-0.826638, 0.562216, 0.023793, 0.004171;;,
      5;4;-0.826638, 0.562216, 0.023793, 0.004171;;,
      6;4;-0.826638, 0.562216, 0.023793, 0.004171;;,
      7;4;-0.826638, 0.562216, 0.023793, 0.004171;;,
      8;4;-0.826638, 0.562216, 0.023793, 0.004171;;,
      9;4;-0.826638, 0.562216, 0.023793, 0.004171;;;
    }
    AnimationKey { // Scale
      1;
      10;
      0;3; 1.000000, 1.000000, 1.000000;;,
      1;3; 1.000000, 1.000000, 1.000000;;,
      2;3; 1.000000, 1.000000, 1.000000;;,
      3;3; 1.000000, 1.000000, 1.000000;;,
      4;3; 1.000000, 1.000000, 1.000000;;,
      5;3; 1.000000, 1.000000, 1.000000;;,
      6;3; 1.000000, 1.000000, 1.000000;;,
      7;3; 1.000000, 1.000000, 1.000000;;,
      8;3; 1.000000, 1.000000, 1.000000;;,
      9;3; 1.000000, 1.000000, 1.000000;;;
    }
    AnimationKey { // Position
      2;
      10;
      0;3;-0.000456, 0.063704, 0.040607;;,
      1;3;-0.000456, 0.063704, 0.040607;;,
      2;3;-0.000456, 0.063705, 0.040607;;,
      3;3;-0.000456, 0.063705, 0.040607;;,
      4;3;-0.000456, 0.063704, 0.040607;;,
      5;3;-0.000456, 0.063705, 0.040607;;,
      6;3;-0.000456, 0.063705, 0.040607;;,
      7;3;-0.000456, 0.063705, 0.040607;;,
      8;3;-0.000456, 0.063705, 0.040607;;,
      9;3;-0.000456, 0.063705, 0.040607;;;
    }
  }
  Animation {
    {Wolf_Skeleton_Hals_fett}
    AnimationKey { // Rotation
      0;
      10;
      0;4;-0.867986, 0.495968,-0.014200, 0.020357;;,
      1;4;-0.867986, 0.495968,-0.014200, 0.020357;;,
      2;4;-0.867986, 0.495968,-0.014200, 0.020357;;,
      3;4;-0.867986, 0.495967,-0.014200, 0.020357;;,
      4;4;-0.867986, 0.495968,-0.014200, 0.020357;;,
      5;4;-0.867986, 0.495967,-0.014200, 0.020357;;,
      6;4;-0.867986, 0.495968,-0.014200, 0.020357;;,
      7;4;-0.867986, 0.495968,-0.014200, 0.020357;;,
      8;4;-0.867986, 0.495968,-0.014200, 0.020357;;,
      9;4;-0.867986, 0.495968,-0.014200, 0.020357;;;
    }
    AnimationKey { // Scale
      1;
      10;
      0;3; 1.000000, 1.000000, 1.000000;;,
      1;3; 1.000000, 1.000000, 1.000000;;,
      2;3; 1.000000, 1.000000, 1.000000;;,
      3;3; 1.000000, 1.000000, 1.000000;;,
      4;3; 1.000000, 1.000000, 1.000000;;,
      5;3; 1.000000, 1.000000, 1.000000;;,
      6;3; 1.000000, 1.000000, 1.000000;;,
      7;3; 1.000000, 1.000000, 1.000000;;,
      8;3; 1.000000, 1.000000, 1.000000;;,
      9;3; 1.000000, 1.000000, 1.000000;;;
    }
    AnimationKey { // Position
      2;
      10;
      0;3;-0.000772, 0.029982, 0.012065;;,
      1;3;-0.000772, 0.029982, 0.012065;;,
      2;3;-0.000772, 0.029982, 0.012065;;,
      3;3;-0.000772, 0.029982, 0.012065;;,
      4;3;-0.000772, 0.029982, 0.012065;;,
      5;3;-0.000772, 0.029982, 0.012065;;,
      6;3;-0.000772, 0.029982, 0.012065;;,
      7;3;-0.000772, 0.029982, 0.012065;;,
      8;3;-0.000772, 0.029982, 0.012065;;,
      9;3;-0.000772, 0.029982, 0.012065;;;
    }
  }
  Animation {
    {Wolf_Skeleton_Maulunten}
    AnimationKey { // Rotation
      0;
      10;
      0;4;-0.942379,-0.333625,-0.024690, 0.002535;;,
      1;4;-0.942379,-0.333625,-0.024690, 0.002535;;,
      2;4;-0.942379,-0.333625,-0.024690, 0.002535;;,
      3;4;-0.942379,-0.333625,-0.024690, 0.002535;;,
      4;4;-0.942379,-0.333625,-0.024690, 0.002535;;,
      5;4;-0.942379,-0.333625,-0.024690, 0.002535;;,
      6;4;-0.942379,-0.333625,-0.024690, 0.002535;;,
      7;4;-0.942379,-0.333625,-0.024690, 0.002535;;,
      8;4;-0.942379,-0.333625,-0.024690, 0.002535;;,
      9;4;-0.942379,-0.333625,-0.024690, 0.002535;;;
    }
    AnimationKey { // Scale
      1;
      10;
      0;3; 1.000000, 1.000000, 1.000000;;,
      1;3; 1.000000, 1.000000, 1.000000;;,
      2;3; 1.000000, 1.000000, 1.000000;;,
      3;3; 1.000000, 1.000000, 1.000000;;,
      4;3; 1.000000, 1.000000, 1.000000;;,
      5;3; 1.000000, 1.000000, 1.000000;;,
      6;3; 1.000000, 1.000000, 1.000000;;,
      7;3; 1.000000, 1.000000, 1.000000;;,
      8;3; 1.000000, 1.000000, 1.000000;;,
      9;3; 1.000000, 1.000000, 1.000000;;;
    }
    AnimationKey { // Position
      2;
      10;
      0;3; 0.000772, 0.008319,-0.012065;;,
      1;3; 0.000772, 0.008319,-0.012065;;,
      2;3; 0.000772, 0.008319,-0.012065;;,
      3;3; 0.000772, 0.008319,-0.012065;;,
      4;3; 0.000772, 0.008319,-0.012065;;,
      5;3; 0.000772, 0.008319,-0.012065;;,
      6;3; 0.000772, 0.008319,-0.012065;;,
      7;3; 0.000772, 0.008319,-0.012065;;,
      8;3; 0.000772, 0.008319,-0.012065;;,
      9;3; 0.000772, 0.008319,-0.012065;;;
    }
  }
  Animation {
    {Wolf_Skeleton_Mauloben}
    AnimationKey { // Rotation
      0;
      10;
      0;4;-0.968633, 0.248496,-0.000805, 0.000078;;,
      1;4;-0.968633, 0.248496,-0.000805, 0.000078;;,
      2;4;-0.968633, 0.248496,-0.000805, 0.000078;;,
      3;4;-0.968633, 0.248496,-0.000805, 0.000078;;,
      4;4;-0.968633, 0.248496,-0.000805, 0.000078;;,
      5;4;-0.968633, 0.248496,-0.000805, 0.000078;;,
      6;4;-0.968633, 0.248496,-0.000805, 0.000078;;,
      7;4;-0.968633, 0.248496,-0.000805, 0.000078;;,
      8;4;-0.968633, 0.248496,-0.000805, 0.000078;;,
      9;4;-0.968633, 0.248496,-0.000805, 0.000078;;;
    }
    AnimationKey { // Scale
      1;
      10;
      0;3; 1.000000, 1.000000, 1.000000;;,
      1;3; 1.000000, 1.000000, 1.000000;;,
      2;3; 1.000000, 1.000000, 1.000000;;,
      3;3; 1.000000, 1.000000, 1.000000;;,
      4;3; 1.000000, 1.000000, 1.000000;;,
      5;3; 1.000000, 1.000000, 1.000000;;,
      6;3; 1.000000, 1.000000, 1.000000;;,
      7;3; 1.000000, 1.000000, 1.000000;;,
      8;3; 1.000000, 1.000000, 1.000000;;,
      9;3; 1.000000, 1.000000, 1.000000;;;
    }
    AnimationKey { // Position
      2;
      10;
      0;3;-0.000041, 0.091015, 0.040036;;,
      1;3;-0.000041, 0.091015, 0.040036;;,
      2;3;-0.000041, 0.091015, 0.040036;;,
      3;3;-0.000041, 0.091015, 0.040036;;,
      4;3;-0.000041, 0.091015, 0.040036;;,
      5;3;-0.000041, 0.091015, 0.040036;;,
      6;3;-0.000041, 0.091015, 0.040036;;,
      7;3;-0.000041, 0.091015, 0.040036;;,
      8;3;-0.000041, 0.091015, 0.040036;;,
      9;3;-0.000041, 0.091015, 0.040036;;;
    }
  }
  Animation {
    {Wolf_Skeleton_MundW_L}
    AnimationKey { // Rotation
      0;
      10;
      0;4;-0.043144, 0.212920,-0.964486,-0.150234;;,
      1;4;-0.043144, 0.212920,-0.964486,-0.150234;;,
      2;4;-0.043144, 0.212920,-0.964486,-0.150234;;,
      3;4;-0.043144, 0.212920,-0.964486,-0.150233;;,
      4;4;-0.043144, 0.212920,-0.964486,-0.150234;;,
      5;4;-0.043144, 0.212919,-0.964486,-0.150234;;,
      6;4;-0.043144, 0.212920,-0.964486,-0.150234;;,
      7;4;-0.043144, 0.212920,-0.964486,-0.150234;;,
      8;4;-0.043144, 0.212920,-0.964486,-0.150234;;,
      9;4;-0.043144, 0.212920,-0.964486,-0.150234;;;
    }
    AnimationKey { // Scale
      1;
      10;
      0;3; 1.000000, 1.000000, 1.000000;;,
      1;3; 1.000000, 1.000000, 1.000000;;,
