xof 0303txt 0032

template XSkinMeshHeader {
  <3cf169ce-ff7c-44ab-93c0-f78f62d172e2>
  WORD nMaxSkinWeightsPerVertex;
  WORD nMaxSkinWeightsPerFace;
  WORD nBones;
}

template SkinWeights {
  <6f0d123b-bad2-4167-a0d0-80224f25fabb>
  STRING transformNodeName;
  DWORD nWeights;
  array DWORD vertexIndices[nWeights];
  array float weights[nWeights];
  Matrix4x4 matrixOffset;
}

Frame Root {
  FrameTransformMatrix {
     1.000000, 0.000000, 0.000000, 0.000000,
     0.000000,-0.000000, 1.000000, 0.000000,
     0.000000, 1.000000, 0.000000, 0.000000,
     0.000000, 0.000000, 0.000000, 1.000000;;
  }
  Frame MarineV2_arm {
    FrameTransformMatrix {
       1.000000, 0.000000, 0.000000, 0.000000,
       0.000000, 1.000000, 0.000000, 0.000000,
       0.000000, 0.000000, 1.000000, 0.000000,
       0.000000, 0.000000, 0.000000, 1.000000;;
    }
    Frame MarineV2_arm_root {
      FrameTransformMatrix {
         1.000000, 0.000000, 0.000000, 0.000000,
         0.000000, 0.000000, 1.000000, 0.000000,
         0.000000,-1.000000, 0.000000, 0.000000,
         0.012412,-0.062356, 0.000601, 1.000000;;
      }
      Frame MarineV2_arm_center {
        FrameTransformMatrix {
           1.000000, 0.000000,-0.000000, 0.000000,
           0.000000, 1.000000, 0.000000, 0.000000,
           0.000000, 0.000000, 1.000000, 0.000000,
           0.000000, 0.659774, 0.000000, 1.000000;;
        }
        Frame MarineV2_arm_groove {
          FrameTransformMatrix {
             1.000000, 0.000000, 0.000000, 0.000000,
            -0.000000, 0.999339, 0.036349, 0.000000,
            -0.000000,-0.036349, 0.999339, 0.000000,
             0.019545,-0.002346, 0.027090, 1.000000;;
          }
          Frame MarineV2_arm_upper_body {
            FrameTransformMatrix {
               1.000000, 0.000000, 0.000000, 0.000000,
               0.000000, 0.918500, 0.395420, 0.000000,
               0.000000,-0.395420, 0.918500, 0.000000,
              -0.000000, 0.263851,-0.013135, 1.000000;;
            }
            Frame MarineV2_arm_upper_body2 {
              FrameTransformMatrix {
                 0.999193, 0.000945,-0.040168, 0.000000,
                -0.008283, 0.983095,-0.182910, 0.000000,
                 0.039316, 0.183095, 0.982309, 0.000000,
                 0.000000, 0.126020,-0.000000, 1.000000;;
              }
              Frame MarineV2_arm_coat_root {
                FrameTransformMatrix {
                   0.151115,-0.491001,-0.857952, 0.000000,
                  -0.738339,-0.633158, 0.232306, 0.000000,
                  -0.657282, 0.598354,-0.458205, 0.000000,
                   0.000000,-0.005279,-0.042282, 1.000000;;
                }
                Frame MarineV2_arm_coat_A_1_L {
                  FrameTransformMatrix {
                     0.106514,-0.746713,-0.656563, 0.000000,
                     0.540000, 0.597895,-0.592386, 0.000000,
                     0.834898,-0.291447, 0.466909, 0.000000,
                     0.058605,-0.022259,-0.228975, 1.000000;;
                  }
                  Frame MarineV2_arm_coat_A_2_L {
                    FrameTransformMatrix {
                       0.999433,-0.020133,-0.026980, 0.000000,
                       0.021645, 0.998141, 0.056978, 0.000000,
                       0.025783,-0.057530, 0.998011, 0.000000,
                      -0.000000, 0.085362, 0.000000, 1.000000;;
                    }
                    Frame MarineV2_arm_coat_A_3_L {
                      FrameTransformMatrix {
                         0.999769,-0.013455,-0.016742, 0.000000,
                         0.013880, 0.999578, 0.025521, 0.000000,
                         0.016391,-0.025748, 0.999534, 0.000000,
                        -0.000000, 0.110720,-0.000000, 1.000000;;
                      }
                      Frame MarineV2_arm_coat_A_4_L {
                        FrameTransformMatrix {
                           0.999993,-0.001751,-0.003309, 0.000000,
                           0.001813, 0.999823, 0.018715, 0.000000,
                           0.003276,-0.018721, 0.999819, 0.000000,
                          -0.000000, 0.126230,-0.000000, 1.000000;;
                        }
                        Frame MarineV2_arm_coat_A_5_L {
                          FrameTransformMatrix {
                             0.999709,-0.016726,-0.017369, 0.000000,
                             0.016678, 0.999857,-0.002902, 0.000000,
                             0.017415, 0.002612, 0.999845, 0.000000,
                            -0.000000, 0.117670,-0.000000, 1.000000;;
                          }
                          Frame MarineV2_arm_coat_A_tip_L {
                            FrameTransformMatrix {
                               0.991781, 0.087879, 0.092839, 0.000000,
                               0.092855,-0.994390,-0.050664, 0.000000,
                               0.087882, 0.058871,-0.994385, 0.000000,
                               0.000000, 0.126398, 0.000000, 1.000000;;
                            }
                          } // End of MarineV2_arm_coat_A_tip_L
                        } // End of MarineV2_arm_coat_A_5_L
                      } // End of MarineV2_arm_coat_A_4_L
                    } // End of MarineV2_arm_coat_A_3_L
                  } // End of MarineV2_arm_coat_A_2_L
                } // End of MarineV2_arm_coat_A_1_L
                Frame MarineV2_arm_coat_A_1_R {
                  FrameTransformMatrix {
                     0.142044,-0.739945,-0.657499, 0.000000,
                     0.595735, 0.594373,-0.540204, 0.000000,
                     0.790521,-0.314962, 0.525239, 0.000000,
                    -0.000000, 0.244098, 0.000000, 1.000000;;
                  }
                  Frame MarineV2_arm_coat_A_2_R {
                    FrameTransformMatrix {
                       0.993967, 0.073804, 0.081130, 0.000000,
                      -0.074929, 0.997129, 0.010914, 0.000000,
                      -0.080091,-0.016927, 0.996644, 0.000000,
                      -0.000000, 0.089135, 0.000000, 1.000000;;
                    }
                    Frame MarineV2_arm_coat_A_3_R {
                      FrameTransformMatrix {
                         0.998919, 0.030841, 0.034791, 0.000000,
                        -0.031413, 0.999378, 0.016014, 0.000000,
                        -0.034276,-0.017089, 0.999266, 0.000000,
                         0.000000, 0.115346,-0.000000, 1.000000;;
                      }
                      Frame MarineV2_arm_coat_A_4_R {
                        FrameTransformMatrix {
                           0.999940,-0.008122,-0.007426, 0.000000,
                           0.008206, 0.999903, 0.011311, 0.000000,
                           0.007333,-0.011372, 0.999909, 0.000000,
                          -0.000000, 0.116856,-0.000000, 1.000000;;
                        }
                        Frame MarineV2_arm_coat_A_5_R {
                          FrameTransformMatrix {
                             0.999840,-0.012138,-0.013122, 0.000000,
                             0.012062, 0.999910,-0.005829, 0.000000,
                             0.013191, 0.005670, 0.999897, 0.000000,
                             0.000000, 0.114180, 0.000000, 1.000000;;
                          }
                          Frame MarineV2_arm_coat_A_tip_R {
                            FrameTransformMatrix {
                               0.993001,-0.081558,-0.085351, 0.000000,
                              -0.085358,-0.995471,-0.041842, 0.000000,
                              -0.081558, 0.048835,-0.995470, 0.000000,
                               0.000000, 0.124901, 0.000000, 1.000000;;
                            }
                          } // End of MarineV2_arm_coat_A_tip_R
                        } // End of MarineV2_arm_coat_A_5_R
                      } // End of MarineV2_arm_coat_A_4_R
                    } // End of MarineV2_arm_coat_A_3_R
                  } // End of MarineV2_arm_coat_A_2_R
                } // End of MarineV2_arm_coat_A_1_R
                Frame MarineV2_arm_coat_B_1 {
                  FrameTransformMatrix {
                     0.141892,-0.739149,-0.658427, 0.000000,
                     0.781775, 0.491689,-0.383496, 0.000000,
                     0.607202,-0.460327, 0.647615, 0.000000,
                     0.068389,-0.033429, 0.055327, 1.000000;;
                  }
                  Frame MarineV2_arm_coat_B_2 {
                    FrameTransformMatrix {
                       0.999634, 0.021734, 0.016086, 0.000000,
                      -0.018640, 0.984858,-0.172357, 0.000000,
                      -0.019588, 0.171995, 0.984903, 0.000000,
                       0.000000, 0.101923,-0.000000, 1.000000;;
                    }
                    Frame MarineV2_arm_coat_B_3 {
                      FrameTransformMatrix {
                         0.998069,-0.040103,-0.047430, 0.000000,
                         0.050500, 0.968515, 0.243778, 0.000000,
                         0.036160,-0.245703, 0.968670, 0.000000,
                        -0.000000, 0.082387,-0.000000, 1.000000;;
                      }
                      Frame MarineV2_arm_coat_B_4 {
                        FrameTransformMatrix {
                           0.999747, 0.017830, 0.013745, 0.000000,
                          -0.017829, 0.999841,-0.000236, 0.000000,
                          -0.013747,-0.000009, 0.999906, 0.000000,
                          -0.000000, 0.106019, 0.000000, 1.000000;;
                        }
                        Frame MarineV2_arm_coat_B_5 {
                          FrameTransformMatrix {
                             0.999338,-0.026909,-0.024473, 0.000000,
                             0.029247, 0.994477, 0.100794, 0.000000,
                             0.021625,-0.101443, 0.994606, 0.000000,
                            -0.000000, 0.094074, 0.000000, 1.000000;;
                          }
                          Frame MarineV2_arm_coat_B_6 {
                            FrameTransformMatrix {
                               0.999762,-0.019279,-0.010164, 0.000000,
                               0.018570, 0.997665,-0.065725, 0.000000,
                               0.011408, 0.065521, 0.997786, 0.000000,
                               0.000000, 0.086791, 0.000000, 1.000000;;
                            }
                            Frame MarineV2_arm_coat_B_tip {
                              FrameTransformMatrix {
                                 0.996801, 0.064161, 0.047663, 0.000000,
                                 0.047663,-0.955862, 0.289925, 0.000000,
                                 0.064160,-0.286726,-0.955859, 0.000000,
                                 0.000000, 0.090296, 0.000000, 1.000000;;
                              }
                            } // End of MarineV2_arm_coat_B_tip
                          } // End of MarineV2_arm_coat_B_6
                        } // End of MarineV2_arm_coat_B_5
                      } // End of MarineV2_arm_coat_B_4
                    } // End of MarineV2_arm_coat_B_3
                  } // End of MarineV2_arm_coat_B_2
                } // End of MarineV2_arm_coat_B_1
                Frame MarineV2_arm_coat_B_1_L {
                  FrameTransformMatrix {
                    -0.131578,-0.758433,-0.638332, 0.000000,
                     0.598054, 0.452811,-0.661282, 0.000000,
                     0.790581,-0.468767, 0.394004, 0.000000,
                     0.070843,-0.039292,-0.213718, 1.000000;;
                  }
                  Frame MarineV2_arm_coat_B_2_L {
                    FrameTransformMatrix {
                       0.998914,-0.029852,-0.035774, 0.000000,
                       0.030348, 0.999449, 0.013407, 0.000000,
                       0.035354,-0.014478, 0.999270, 0.000000,
                       0.000000, 0.085639, 0.000000, 1.000000;;
                    }
                    Frame MarineV2_arm_coat_B_3_L {
                      FrameTransformMatrix {
                         0.997471, 0.051635, 0.048840, 0.000000,
                        -0.053207, 0.998088, 0.031451, 0.000000,
                        -0.047123,-0.033970, 0.998311, 0.000000,
                         0.000000, 0.106334,-0.000000, 1.000000;;
                      }
                      Frame MarineV2_arm_coat_B_4_L {
                        FrameTransformMatrix {
                           0.997510, 0.051367, 0.048322, 0.000000,
                          -0.052998, 0.998046, 0.033099, 0.000000,
                          -0.046527,-0.035578, 0.998283, 0.000000,
                          -0.000000, 0.124832,-0.000000, 1.000000;;
                        }
                        Frame MarineV2_arm_coat_B_5_L {
                          FrameTransformMatrix {
                             0.999996,-0.000950,-0.002594, 0.000000,
                             0.000981, 0.999927, 0.012071, 0.000000,
                             0.002582,-0.012073, 0.999924, 0.000000,
                            -0.000000, 0.114754, 0.000000, 1.000000;;
                          }
                          Frame MarineV2_arm_coat_B_tip_L {
                            FrameTransformMatrix {
                               0.981509, 0.136360, 0.134363, 0.000000,
                               0.134365,-0.990645, 0.023842, 0.000000,
                               0.136358,-0.005347,-0.990645, 0.000000,
                              -0.000000, 0.121767, 0.000000, 1.000000;;
                            }
                          } // End of MarineV2_arm_coat_B_tip_L
                        } // End of MarineV2_arm_coat_B_5_L
                      } // End of MarineV2_arm_coat_B_4_L
                    } // End of MarineV2_arm_coat_B_3_L
                  } // End of MarineV2_arm_coat_B_2_L
                } // End of MarineV2_arm_coat_B_1_L
                Frame MarineV2_arm_coat_B_1_R {
                  FrameTransformMatrix {
                     0.437679,-0.651065,-0.620122, 0.000000,
                     0.529740, 0.743999,-0.407236, 0.000000,
                     0.726507,-0.150265, 0.670528, 0.000000,
                     0.014185, 0.226105, 0.019643, 1.000000;;
                  }
                  Frame MarineV2_arm_coat_B_2_R {
                    FrameTransformMatrix {
                       0.999108, 0.022460, 0.035766, 0.000000,
                      -0.024006, 0.998769, 0.043415, 0.000000,
                      -0.034747,-0.044235, 0.998417, 0.000000,
                       0.000000, 0.097481, 0.000000, 1.000000;;
                    }
                    Frame MarineV2_arm_coat_B_3_R {
                      FrameTransformMatrix {
                         0.997715,-0.050420,-0.044978, 0.000000,
                         0.052075, 0.997980, 0.036401, 0.000000,
                         0.043052,-0.038660, 0.998325, 0.000000,
                        -0.000000, 0.114988, 0.000000, 1.000000;;
                      }
                      Frame MarineV2_arm_coat_B_4_R {
                        FrameTransformMatrix {
                           0.997846,-0.047146,-0.045621, 0.000000,
                           0.047656, 0.998812, 0.010167, 0.000000,
                           0.045088,-0.012320, 0.998907, 0.000000,
                          -0.000000, 0.111941,-0.000000, 1.000000;;
                        }
                        Frame MarineV2_arm_coat_B_5_R {
                          FrameTransformMatrix {
                             0.993009,-0.084510,-0.082405, 0.000000,
                             0.086305, 0.996098, 0.018461, 0.000000,
                             0.080524,-0.025444, 0.996428, 0.000000,
                             0.000000, 0.111165,-0.000000, 1.000000;;
                          }
                          Frame MarineV2_arm_coat_B_tip_R {
                            FrameTransformMatrix {
                               0.995609,-0.066882,-0.064951, 0.000000,
                              -0.064917,-0.997378, 0.031975, 0.000000,
                              -0.066886,-0.027623,-0.997370, 0.000000,
                               0.000000, 0.117511, 0.000000, 1.000000;;
                            }
                          } // End of MarineV2_arm_coat_B_tip_R
                        } // End of MarineV2_arm_coat_B_5_R
                      } // End of MarineV2_arm_coat_B_4_R
                    } // End of MarineV2_arm_coat_B_3_R
                  } // End of MarineV2_arm_coat_B_2_R
                } // End of MarineV2_arm_coat_B_1_R
                Frame MarineV2_arm_coat_C_1_L {
                  FrameTransformMatrix {
                    -0.186499,-0.755047,-0.628587, 0.000000,
                     0.592843, 0.423706,-0.684843, 0.000000,
                     0.783425,-0.500376, 0.368604, 0.000000,
                     0.091571,-0.068253,-0.197476, 1.000000;;
                  }
                  Frame MarineV2_arm_coat_C_2_L {
                    FrameTransformMatrix {
                       0.994915,-0.053262,-0.085477, 0.000000,
                       0.060356, 0.994747, 0.082676, 0.000000,
                       0.080624,-0.087415, 0.992904, 0.000000,
                       0.000000, 0.084081,-0.000000, 1.000000;;
                    }
                    Frame MarineV2_arm_coat_C_3_L {
                      FrameTransformMatrix {
                         0.999606, 0.022511, 0.016768, 0.000000,
                        -0.022821, 0.999568, 0.018512, 0.000000,
                        -0.016344,-0.018887, 0.999688, 0.000000,
                         0.000000, 0.103902,-0.000000, 1.000000;;
                      }
                      Frame MarineV2_arm_coat_C_4_L {
                        FrameTransformMatrix {
                           0.997699, 0.050748, 0.044961, 0.000000,
                          -0.051536, 0.998534, 0.016546, 0.000000,
                          -0.044055,-0.018825, 0.998852, 0.000000,
                          -0.000000, 0.124131,-0.000000, 1.000000;;
                        }
                        Frame MarineV2_arm_coat_C_5_L {
                          FrameTransformMatrix {
                             0.999565, 0.025342, 0.015075, 0.000000,
                            -0.025941, 0.998824, 0.040965, 0.000000,
                            -0.014019,-0.041339, 0.999047, 0.000000,
                            -0.000000, 0.111795,-0.000000, 1.000000;;
                          }
                          Frame MarineV2_arm_coat_C_tip_L {
                            FrameTransformMatrix {
                               0.950440, 0.229501, 0.209742, 0.000000,
                               0.209741,-0.971281, 0.112348, 0.000000,
                               0.229502,-0.062788,-0.971281, 0.000000,
                              -0.000000, 0.115874, 0.000000, 1.000000;;
                            }
                          } // End of MarineV2_arm_coat_C_tip_L
                        } // End of MarineV2_arm_coat_C_5_L
                      } // End of MarineV2_arm_coat_C_4_L
                    } // End of MarineV2_arm_coat_C_3_L
                  } // End of MarineV2_arm_coat_C_2_L
                } // End of MarineV2_arm_coat_C_1_L
                Frame MarineV2_arm_coat_C_1_R {
                  FrameTransformMatrix {
                     0.488940,-0.630002,-0.603353, 0.000000,
                     0.528777, 0.764158,-0.369403, 0.000000,
                     0.693781,-0.138423, 0.706758, 0.000000,
                     0.027069, 0.221062, 0.046187, 1.000000;;
                  }
                  Frame MarineV2_arm_coat_C_2_R {
                    FrameTransformMatrix {
                       0.997919, 0.029143, 0.057510, 0.000000,
                      -0.033909, 0.995912, 0.083728, 0.000000,
                      -0.054835,-0.085504, 0.994828, 0.000000,
                      -0.000000, 0.097510, 0.000000, 1.000000;;
                    }
                    Frame MarineV2_arm_coat_C_3_R {
                      FrameTransformMatrix {
                         0.998605,-0.042266,-0.031635, 0.000000,
                         0.043393, 0.998415, 0.035850, 0.000000,
                         0.030069,-0.037173, 0.998856, 0.000000,
                        -0.000000, 0.114562, 0.000000, 1.000000;;
                      }
                      Frame MarineV2_arm_coat_C_4_R {
                        FrameTransformMatrix {
                           0.998051,-0.047806,-0.040110, 0.000000,
                           0.048695, 0.998582, 0.021501, 0.000000,
                           0.039025,-0.023412, 0.998964, 0.000000,
                          -0.000000, 0.106696, 0.000000, 1.000000;;
                        }
                        Frame MarineV2_arm_coat_C_5_R {
                          FrameTransformMatrix {
                             0.999490,-0.022189,-0.022961, 0.000000,
                             0.021873, 0.999664,-0.013892, 0.000000,
                             0.023261, 0.013383, 0.999640, 0.000000,
                             0.000000, 0.102895, 0.000000, 1.000000;;
                          }
                          Frame MarineV2_arm_coat_C_tip_R {
                            FrameTransformMatrix {
                               0.961992,-0.199852,-0.186097, 0.000000,
                              -0.186100,-0.978508, 0.088826, 0.000000,
                              -0.199850,-0.050817,-0.978508, 0.000000,
                              -0.000000, 0.117130,-0.000000, 1.000000;;
                            }
                          } // End of MarineV2_arm_coat_C_tip_R
                        } // End of MarineV2_arm_coat_C_5_R
                      } // End of MarineV2_arm_coat_C_4_R
                    } // End of MarineV2_arm_coat_C_3_R
                  } // End of MarineV2_arm_coat_C_2_R
                } // End of MarineV2_arm_coat_C_1_R
                Frame MarineV2_arm_coat_D_1_L {
                  FrameTransformMatrix {
                    -0.049882,-0.754031,-0.654942, 0.000000,
                     0.660422, 0.467028,-0.587986, 0.000000,
                     0.749236,-0.461868, 0.474682, 0.000000,
                     0.117625,-0.083312,-0.172011, 1.000000;;
                  }
                  Frame MarineV2_arm_coat_D_2_L {
                    FrameTransformMatrix {
                       0.988117,-0.103861,-0.113300, 0.000000,
                       0.107783, 0.993750, 0.029041, 0.000000,
                       0.109575,-0.040907, 0.993136, 0.000000,
                       0.000000, 0.079691, 0.000000, 1.000000;;
                    }
                    Frame MarineV2_arm_coat_D_3_L {
                      FrameTransformMatrix {
                         0.998778,-0.021787,-0.044367, 0.000000,
                         0.025349, 0.996361, 0.081379, 0.000000,
                         0.042432,-0.082404, 0.995695, 0.000000,
                         0.000000, 0.102863, 0.000000, 1.000000;;
                      }
                      Frame MarineV2_arm_coat_D_4_L {
                        FrameTransformMatrix {
                           0.999992, 0.003881, 0.000510, 0.000000,
                          -0.003887, 0.999934, 0.010845, 0.000000,
                          -0.000468,-0.010847, 0.999941, 0.000000,
                          -0.000000, 0.116392, 0.000000, 1.000000;;
                        }
                        Frame MarineV2_arm_coat_D_5_L {
                          FrameTransformMatrix {
                             0.998466, 0.044902, 0.032394, 0.000000,
                            -0.045875, 0.998498, 0.029942, 0.000000,
                            -0.031001,-0.031382, 0.999027, 0.000000,
                             0.000000, 0.103988,-0.000000, 1.000000;;
                          }
                          Frame MarineV2_arm_coat_D_tip_L {
                            FrameTransformMatrix {
                               0.941158, 0.257140, 0.219321, 0.000000,
                               0.219321,-0.958425, 0.182534, 0.000000,
                               0.257140,-0.123692,-0.958426, 0.000000,
                               0.000000, 0.108665, 0.000000, 1.000000;;
                            }
                          } // End of MarineV2_arm_coat_D_tip_L
                        } // End of MarineV2_arm_coat_D_5_L
                      } // End of MarineV2_arm_coat_D_4_L
                    } // End of MarineV2_arm_coat_D_3_L
                  } // End of MarineV2_arm_coat_D_2_L
                } // End of MarineV2_arm_coat_D_1_L
                Frame MarineV2_arm_coat_D_1_R {
                  FrameTransformMatrix {
                     0.405673,-0.672211,-0.619323, 0.000000,
                     0.602637, 0.706156,-0.371716, 0.000000,
                     0.687210,-0.222432, 0.691568, 0.000000,
                     0.046154, 0.210467, 0.069651, 1.000000;;
                  }
                  Frame MarineV2_arm_coat_D_2_R {
                    FrameTransformMatrix {
                       0.990007, 0.090227, 0.108377, 0.000000,
                      -0.096781, 0.993683, 0.056810, 0.000000,
                      -0.102567,-0.066731, 0.992485, 0.000000,
                       0.000000, 0.089340,-0.000000, 1.000000;;
                    }
                    Frame MarineV2_arm_coat_D_3_R {
                      FrameTransformMatrix {
                         0.999541,-0.004376, 0.029969, 0.000000,
                         0.000903, 0.993373, 0.114935, 0.000000,
                        -0.030273,-0.114855, 0.992921, 0.000000,
                         0.000000, 0.114476,-0.000000, 1.000000;;
                      }
                      Frame MarineV2_arm_coat_D_4_R {
                        FrameTransformMatrix {
                           0.999993,-0.003668, 0.000851, 0.000000,
                           0.003655, 0.999896, 0.013955, 0.000000,
                          -0.000902,-0.013952, 0.999902, 0.000000,
                          -0.000000, 0.102712, 0.000000, 1.000000;;
                        }
                        Frame MarineV2_arm_coat_D_5_R {
                          FrameTransformMatrix {
                             0.999972,-0.004875,-0.005649, 0.000000,
                             0.004841, 0.999970,-0.006038, 0.000000,
                             0.005678, 0.006011, 0.999966, 0.000000,
                             0.000000, 0.105069,-0.000000, 1.000000;;
                          }
                          Frame MarineV2_arm_coat_D_tip_R {
                            FrameTransformMatrix {
                               0.914690,-0.311577,-0.257410, 0.000000,
                              -0.257406,-0.940146, 0.223309, 0.000000,
                              -0.311579,-0.138000,-0.940145, 0.000000,
                               0.000000, 0.107774,-0.000000, 1.000000;;
                            }
                          } // End of MarineV2_arm_coat_D_tip_R
                        } // End of MarineV2_arm_coat_D_5_R
                      } // End of MarineV2_arm_coat_D_4_R
                    } // End of MarineV2_arm_coat_D_3_R
                  } // End of MarineV2_arm_coat_D_2_R
                } // End of MarineV2_arm_coat_D_1_R
                Frame MarineV2_arm_coat_E_1_L {
                  FrameTransformMatrix {
                     0.035936,-0.752205,-0.657949, 0.000000,
                     0.638749, 0.523625,-0.563752, 0.000000,
                     0.768575,-0.400005, 0.499287, 0.000000,
                     0.137644,-0.081927,-0.124838, 1.000000;;
                  }
                  Frame MarineV2_arm_coat_E_2_L {
                    FrameTransformMatrix {
                       0.993521,-0.072129,-0.087827, 0.000000,
                       0.078889, 0.993974, 0.076103, 0.000000,
                       0.081808,-0.082539, 0.993224, 0.000000,
                       0.000000, 0.083952, 0.000000, 1.000000;;
                    }
                    Frame MarineV2_arm_coat_E_3_L {
                      FrameTransformMatrix {
                         0.998402,-0.028019,-0.049073, 0.000000,
                         0.033378, 0.993144, 0.112031, 0.000000,
                         0.045598,-0.113490, 0.992492, 0.000000,
                         0.000000, 0.101307,-0.000000, 1.000000;;
                      }
                      Frame MarineV2_arm_coat_E_4_L {
                        FrameTransformMatrix {
                           0.999146,-0.028295,-0.030101, 0.000000,
                           0.029127, 0.999196, 0.027552, 0.000000,
                           0.029297,-0.028406, 0.999167, 0.000000,
                           0.000000, 0.111948,-0.000000, 1.000000;;
                        }
                        Frame MarineV2_arm_coat_E_5_L {
                          FrameTransformMatrix {
                             0.999885, 0.014280,-0.005011, 0.000000,
                            -0.013829, 0.996638, 0.080749, 0.000000,
                             0.006147,-0.080670, 0.996722, 0.000000,
                            -0.000000, 0.095689,-0.000000, 1.000000;;
                          }
                          Frame MarineV2_arm_coat_E_tip_L {
                            FrameTransformMatrix {
                               0.949873, 0.248994, 0.189061, 0.000000,
                               0.189061,-0.939109, 0.286932, 0.000000,
                               0.248994,-0.236805,-0.939110, 0.000000,
                              -0.000000, 0.097773, 0.000000, 1.000000;;
                            }
                          } // End of MarineV2_arm_coat_E_tip_L
                        } // End of MarineV2_arm_coat_E_5_L
                      } // End of MarineV2_arm_coat_E_4_L
                    } // End of MarineV2_arm_coat_E_3_L
                  } // End of MarineV2_arm_coat_E_2_L
                } // End of MarineV2_arm_coat_E_1_L
                Frame MarineV2_arm_coat_E_1_R {
                  FrameTransformMatrix {
                     0.265284,-0.717301,-0.644285, 0.000000,
                     0.670591, 0.617398,-0.411252, 0.000000,
                     0.692772,-0.322953, 0.644801, 0.000000,
                     0.067569, 0.188427, 0.081280, 1.000000;;
                  }
                  Frame MarineV2_arm_coat_E_2_R {
                    FrameTransformMatrix {
                       0.971813, 0.160979, 0.172236, 0.000000,
                      -0.173272, 0.983118, 0.058794, 0.000000,
                      -0.159863,-0.086980, 0.983300, 0.000000,
                      -0.000000, 0.090026,-0.000000, 1.000000;;
                    }
                    Frame MarineV2_arm_coat_E_3_R {
                      FrameTransformMatrix {
                         0.999534,-0.002195, 0.030444, 0.000000,
                        -0.001717, 0.991787, 0.127888, 0.000000,
                        -0.030475,-0.127881, 0.991321, 0.000000,
                        -0.000000, 0.101920,-0.000000, 1.000000;;
                      }
                      Frame MarineV2_arm_coat_E_4_R {
                        FrameTransformMatrix {
                           0.998790,-0.046943,-0.014637, 0.000000,
                           0.048205, 0.993501, 0.103112, 0.000000,
                           0.009701,-0.103693, 0.994562, 0.000000,
                          -0.000000, 0.099762, 0.000000, 1.000000;;
                        }
                        Frame MarineV2_arm_coat_E_5_R {
                          FrameTransformMatrix {
                             0.998517, 0.049077, 0.023570, 0.000000,
                            -0.047971, 0.997817,-0.045381, 0.000000,
                            -0.025745, 0.044183, 0.998692, 0.000000,
                            -0.000000, 0.097902, 0.000000, 1.000000;;
                          }
                          Frame MarineV2_arm_coat_E_tip_R {
                            FrameTransformMatrix {
                               0.927797,-0.301451,-0.219818, 0.000000,
                              -0.219817,-0.917750, 0.330780, 0.000000,
                              -0.301452,-0.258576,-0.917750, 0.000000,
                               0.000000, 0.102535, 0.000000, 1.000000;;
                            }
                          } // End of MarineV2_arm_coat_E_tip_R
                        } // End of MarineV2_arm_coat_E_5_R
                      } // End of MarineV2_arm_coat_E_4_R
                    } // End of MarineV2_arm_coat_E_3_R
                  } // End of MarineV2_arm_coat_E_2_R
                } // End of MarineV2_arm_coat_E_1_R
                Frame MarineV2_arm_coat_F_1_L {
                  FrameTransformMatrix {
                     0.038386,-0.747007,-0.663707, 0.000000,
                     0.734942, 0.471127,-0.487750, 0.000000,
                     0.677043,-0.469063, 0.567091, 0.000000,
                     0.147256,-0.069343,-0.094101, 1.000000;;
                  }
                  Frame MarineV2_arm_coat_F_2_L {
                    FrameTransformMatrix {
                       0.997847,-0.042557,-0.049895, 0.000000,
                       0.047065, 0.994556, 0.092971, 0.000000,
                       0.045666,-0.095119, 0.994418, 0.000000,
                      -0.000000, 0.083676,-0.000000, 1.000000;;
                    }
                    Frame MarineV2_arm_coat_F_3_L {
                      FrameTransformMatrix {
                         0.997821,-0.050031,-0.043009, 0.000000,
                         0.050526, 0.998668, 0.010505, 0.000000,
                         0.042426,-0.012655, 0.999019, 0.000000,
                        -0.000000, 0.097475,-0.000000, 1.000000;;
                      }
                      Frame MarineV2_arm_coat_F_4_L {
                        FrameTransformMatrix {
                           0.999888, 0.014616, 0.003247, 0.000000,
                          -0.014778, 0.998231, 0.057588, 0.000000,
                          -0.002399,-0.057630, 0.998335, 0.000000,
                           0.000000, 0.103008,-0.000000, 1.000000;;
                        }
                        Frame MarineV2_arm_coat_F_5_L {
                          FrameTransformMatrix {
                             0.999465,-0.024020,-0.022180, 0.000000,
                             0.024517, 0.999448, 0.022435, 0.000000,
                             0.021629,-0.022967, 0.999502, 0.000000,
                             0.000000, 0.090428, 0.000000, 1.000000;;
                          }
                          Frame MarineV2_arm_coat_F_tip_L {
                            FrameTransformMatrix {
                               0.965385, 0.208908, 0.156173, 0.000000,
                               0.156173,-0.942522, 0.295402, 0.000000,
                               0.208910,-0.260786,-0.942523, 0.000000,
                               0.000000, 0.093167,-0.000000, 1.000000;;
                            }
                          } // End of MarineV2_arm_coat_F_tip_L
                        } // End of MarineV2_arm_coat_F_5_L
                      } // End of MarineV2_arm_coat_F_4_L
                    } // End of MarineV2_arm_coat_F_3_L
                  } // End of MarineV2_arm_coat_F_2_L
                } // End of MarineV2_arm_coat_F_1_L
                Frame MarineV2_arm_coat_F_1_R {
                  FrameTransformMatrix {
                     0.178494,-0.734713,-0.654475, 0.000000,
                     0.720055, 0.550848,-0.422003, 0.000000,
                     0.670567,-0.395933, 0.627357, 0.000000,
                     0.090465, 0.158691, 0.082581, 1.000000;;
                  }
                  Frame MarineV2_arm_coat_F_2_R {
                    FrameTransformMatrix {
                       0.997707, 0.049127, 0.046547, 0.000000,
                      -0.050418, 0.998364, 0.026980, 0.000000,
                      -0.045145,-0.029265, 0.998552, 0.000000,
                      -0.000000, 0.085497,-0.000000, 1.000000;;
                    }
                    Frame MarineV2_arm_coat_F_3_R {
                      FrameTransformMatrix {
                         0.991433, 0.089626, 0.095018, 0.000000,
                        -0.099029, 0.990111, 0.099361, 0.000000,
                        -0.085173,-0.107920, 0.990504, 0.000000,
                        -0.000000, 0.104093, 0.000000, 1.000000;;
                      }
                      Frame MarineV2_arm_coat_F_4_R {
                        FrameTransformMatrix {
                           0.999783,-0.020325, 0.004586, 0.000000,
                           0.019401, 0.988364, 0.150868, 0.000000,
                          -0.007599,-0.150746, 0.988543, 0.000000,
                          -0.000000, 0.087668,-0.000000, 1.000000;;
                        }
                        Frame MarineV2_arm_coat_F_5_R {
                          FrameTransformMatrix {
                             0.995129, 0.078344, 0.059843, 0.000000,
                            -0.080439, 0.996199, 0.033430, 0.000000,
                            -0.056997,-0.038081, 0.997648, 0.000000,
                            -0.000000, 0.092666,-0.000000, 1.000000;;
                          }
                          Frame MarineV2_arm_coat_F_tip_R {
                            FrameTransformMatrix {
                               0.951585,-0.257585,-0.167740, 0.000000,
                              -0.167740,-0.892430, 0.418847, 0.000000,
                              -0.257585,-0.370431,-0.892430, 0.000000,
                              -0.000000, 0.100977,-0.000000, 1.000000;;
                            }
                          } // End of MarineV2_arm_coat_F_tip_R
                        } // End of MarineV2_arm_coat_F_5_R
                      } // End of MarineV2_arm_coat_F_4_R
                    } // End of MarineV2_arm_coat_F_3_R
                  } // End of MarineV2_arm_coat_F_2_R
                } // End of MarineV2_arm_coat_F_1_R
                Frame MarineV2_arm_coat_G_1_L {
                  FrameTransformMatrix {
                     0.120237,-0.740655,-0.661039, 0.000000,
                     0.792357, 0.472759,-0.385576, 0.000000,
                     0.598091,-0.477418, 0.643707, 0.000000,
                     0.066393,-0.106062,-0.021473, 1.000000;;
                  }
                  Frame MarineV2_arm_coat_G_2_L {
                    FrameTransformMatrix {
                       0.996376,-0.067915,-0.051204, 0.000000,
                       0.064731, 0.996007,-0.061482, 0.000000,
                       0.055176, 0.057944, 0.996794, 0.000000,
                       0.000000, 0.108216,-0.000000, 1.000000;;
                    }
                    Frame MarineV2_arm_coat_G_3_L {
                      FrameTransformMatrix {
                         0.999330, 0.030361, 0.020457, 0.000000,
                        -0.032472, 0.993142, 0.112314, 0.000000,
                        -0.016907,-0.112903, 0.993462, 0.000000,
                        -0.000000, 0.084166, 0.000000, 1.000000;;
                      }
                      Frame MarineV2_arm_coat_G_4_L {
                        FrameTransformMatrix {
                           0.999726, 0.019255, 0.013347, 0.000000,
                          -0.019832, 0.998811, 0.044540, 0.000000,
                          -0.012474,-0.044792, 0.998918, 0.000000,
                           0.000000, 0.098516,-0.000000, 1.000000;;
                        }
                        Frame MarineV2_arm_coat_G_5_L {
                          FrameTransformMatrix {
                             0.998101,-0.050122,-0.035806, 0.000000,
                             0.049457, 0.998591,-0.019225, 0.000000,
                             0.036719, 0.017418, 0.999174, 0.000000,
                            -0.000000, 0.096174,-0.000000, 1.000000;;
                          }
                          Frame MarineV2_arm_coat_G_6_L {
                            FrameTransformMatrix {
