xof 0303txt 0032

Frame Root {
  FrameTransformMatrix {
     1.000000, 0.000000, 0.000000, 0.000000,
     0.000000,-0.000000, 1.000000, 0.000000,
     0.000000, 1.000000, 0.000000, 0.000000,
     0.000000, 0.000000, 0.000000, 1.000000;;
  }
  Frame MarineV2_arm {
    FrameTransformMatrix {
       1.000000, 0.000000, 0.000000, 0.000000,
       0.000000, 1.000000, 0.000000, 0.000000,
       0.000000, 0.000000, 1.000000, 0.000000,
       0.000000, 0.000000, 0.000000, 1.000000;;
    }
    Frame MarineV2_arm_root {
      FrameTransformMatrix {
         1.000000, 0.000000, 0.000000, 0.000000,
         0.000000, 0.000000, 1.000000, 0.000000,
         0.000000,-1.000000, 0.000000, 0.000000,
         0.010620,-0.074146,-0.001130, 1.000000;;
      }
      Frame MarineV2_arm_center {
        FrameTransformMatrix {
           1.000000, 0.000000,-0.000000, 0.000000,
           0.000000, 1.000000, 0.000000, 0.000000,
           0.000000, 0.000000, 1.000000, 0.000000,
           0.000000, 0.859160, 0.000000, 1.000000;;
        }
        Frame MarineV2_arm_groove {
          FrameTransformMatrix {
             1.000000, 0.000000, 0.000000, 0.000000,
             0.000000, 1.000000, 0.000000, 0.000000,
            -0.000000, 0.000000, 1.000000, 0.000000,
             0.000000, 0.020000, 0.000000, 1.000000;;
          }
          Frame MarineV2_arm_upper_body {
            FrameTransformMatrix {
               1.000000, 0.000000, 0.000000, 0.000000,
               0.000000, 0.999725,-0.023472, 0.000000,
               0.000000, 0.023472, 0.999725, 0.000000,
              -0.000000, 0.306804,-0.015273, 1.000000;;
            }
            Frame MarineV2_arm_upper_body2 {
              FrameTransformMatrix {
                 1.000000, 0.000002,-0.000002, 0.000000,
                -0.000003, 0.983099,-0.183076, 0.000000,
                 0.000002, 0.183076, 0.983099, 0.000000,
                -0.000000, 0.146535,-0.000000, 1.000000;;
              }
              Frame MarineV2_arm_coat_root {
                FrameTransformMatrix {
                   0.151115,-0.491002,-0.857952, 0.000000,
                  -0.738339,-0.633158, 0.232307, 0.000000,
                  -0.657282, 0.598355,-0.458205, 0.000000,
                   0.000000,-0.006138,-0.049165, 1.000000;;
                }
                Frame MarineV2_arm_coat_A_1_L {
                  FrameTransformMatrix {
                     0.106513,-0.746713,-0.656562, 0.000000,
                     0.540000, 0.597894,-0.592386, 0.000000,
                     0.834898,-0.291447, 0.466909, 0.000000,
                     0.068145,-0.025883,-0.266249, 1.000000;;
                  }
                  Frame MarineV2_arm_coat_A_2_L {
                    FrameTransformMatrix {
                       0.999433,-0.020133,-0.026980, 0.000000,
                       0.021645, 0.998141, 0.056978, 0.000000,
                       0.025782,-0.057530, 0.998011, 0.000000,
                      -0.000000, 0.099258, 0.000000, 1.000000;;
                    }
                    Frame MarineV2_arm_coat_A_3_L {
                      FrameTransformMatrix {
                         0.999769,-0.013455,-0.016742, 0.000000,
                         0.013880, 0.999578, 0.025521, 0.000000,
                         0.016391,-0.025748, 0.999534, 0.000000,
                        -0.000000, 0.128744,-0.000000, 1.000000;;
                      }
                      Frame MarineV2_arm_coat_A_4_L {
                        FrameTransformMatrix {
                           0.999993,-0.001751,-0.003309, 0.000000,
                           0.001813, 0.999823, 0.018715, 0.000000,
                           0.003276,-0.018721, 0.999819, 0.000000,
                          -0.000000, 0.146779,-0.000000, 1.000000;;
                        }
                        Frame MarineV2_arm_coat_A_5_L {
                          FrameTransformMatrix {
                             0.999709,-0.016726,-0.017368, 0.000000,
                             0.016678, 0.999857,-0.002902, 0.000000,
                             0.017414, 0.002612, 0.999845, 0.000000,
                             0.000000, 0.136825,-0.000000, 1.000000;;
                          }
                          Frame MarineV2_arm_coat_A_tip_L {
                            FrameTransformMatrix {
                               0.991798, 0.087882, 0.092862, 0.000000,
                               0.092855,-0.994390,-0.050664, 0.000000,
                               0.087883, 0.058870,-0.994391, 0.000000,
                               0.000000, 0.146974,-0.000000, 1.000000;;
                            }
                          } // End of MarineV2_arm_coat_A_tip_L
                        } // End of MarineV2_arm_coat_A_5_L
                      } // End of MarineV2_arm_coat_A_4_L
                    } // End of MarineV2_arm_coat_A_3_L
                  } // End of MarineV2_arm_coat_A_2_L
                } // End of MarineV2_arm_coat_A_1_L
                Frame MarineV2_arm_coat_A_1_R {
                  FrameTransformMatrix {
                     0.142044,-0.739945,-0.657499, 0.000000,
                     0.595735, 0.594373,-0.540204, 0.000000,
                     0.790521,-0.314963, 0.525239, 0.000000,
                    -0.000000, 0.283835, 0.000000, 1.000000;;
                  }
                  Frame MarineV2_arm_coat_A_2_R {
                    FrameTransformMatrix {
                       0.993967, 0.073803, 0.081130, 0.000000,
                      -0.074929, 0.997129, 0.010914, 0.000000,
                      -0.080092,-0.016927, 0.996644, 0.000000,
                      -0.000000, 0.103645, 0.000000, 1.000000;;
                    }
                    Frame MarineV2_arm_coat_A_3_R {
                      FrameTransformMatrix {
                         0.998919, 0.030841, 0.034791, 0.000000,
                        -0.031413, 0.999378, 0.016014, 0.000000,
                        -0.034276,-0.017089, 0.999266, 0.000000,
                         0.000000, 0.134123,-0.000000, 1.000000;;
                      }
                      Frame MarineV2_arm_coat_A_4_R {
                        FrameTransformMatrix {
                           0.999939,-0.008122,-0.007426, 0.000000,
                           0.008206, 0.999902, 0.011311, 0.000000,
                           0.007333,-0.011372, 0.999908, 0.000000,
                          -0.000000, 0.135879, 0.000000, 1.000000;;
                        }
                        Frame MarineV2_arm_coat_A_5_R {
                          FrameTransformMatrix {
                             0.999840,-0.012138,-0.013122, 0.000000,
                             0.012062, 0.999910,-0.005829, 0.000000,
                             0.013191, 0.005670, 0.999897, 0.000000,
                             0.000000, 0.132768,-0.000000, 1.000000;;
                          }
                          Frame MarineV2_arm_coat_A_tip_R {
                            FrameTransformMatrix {
                               0.993022,-0.081561,-0.085376, 0.000000,
                              -0.085358,-0.995472,-0.041842, 0.000000,
                              -0.081559, 0.048835,-0.995476, 0.000000,
                               0.000000, 0.145234,-0.000000, 1.000000;;
                            }
                          } // End of MarineV2_arm_coat_A_tip_R
                        } // End of MarineV2_arm_coat_A_5_R
                      } // End of MarineV2_arm_coat_A_4_R
                    } // End of MarineV2_arm_coat_A_3_R
                  } // End of MarineV2_arm_coat_A_2_R
                } // End of MarineV2_arm_coat_A_1_R
                Frame MarineV2_arm_coat_B_1 {
                  FrameTransformMatrix {
                     0.141892,-0.739149,-0.658426, 0.000000,
                     0.781775, 0.491689,-0.383496, 0.000000,
                     0.607202,-0.460327, 0.647615, 0.000000,
                     0.079522,-0.038870, 0.064333, 1.000000;;
                  }
                  Frame MarineV2_arm_coat_B_2 {
                    FrameTransformMatrix {
                       0.999634, 0.021734, 0.016086, 0.000000,
                      -0.018639, 0.984858,-0.172357, 0.000000,
                      -0.019588, 0.171994, 0.984903, 0.000000,
                      -0.000000, 0.118516, 0.000000, 1.000000;;
                    }
                    Frame MarineV2_arm_coat_B_3 {
                      FrameTransformMatrix {
                         0.998069,-0.040103,-0.047430, 0.000000,
                         0.050500, 0.968515, 0.243778, 0.000000,
                         0.036160,-0.245703, 0.968671, 0.000000,
                         0.000000, 0.095799, 0.000000, 1.000000;;
                      }
                      Frame MarineV2_arm_coat_B_4 {
                        FrameTransformMatrix {
                           0.999747, 0.017830, 0.013745, 0.000000,
                          -0.017829, 0.999841,-0.000236, 0.000000,
                          -0.013747,-0.000009, 0.999906, 0.000000,
                           0.000000, 0.123277, 0.000000, 1.000000;;
                        }
                        Frame MarineV2_arm_coat_B_5 {
                          FrameTransformMatrix {
                             0.999338,-0.026909,-0.024473, 0.000000,
                             0.029247, 0.994477, 0.100794, 0.000000,
                             0.021625,-0.101443, 0.994606, 0.000000,
                            -0.000000, 0.109388, 0.000000, 1.000000;;
                          }
                          Frame MarineV2_arm_coat_B_6 {
                            FrameTransformMatrix {
                               0.999762,-0.019279,-0.010164, 0.000000,
                               0.018570, 0.997665,-0.065725, 0.000000,
                               0.011408, 0.065521, 0.997786, 0.000000,
                               0.000000, 0.100920, 0.000000, 1.000000;;
                            }
                            Frame MarineV2_arm_coat_B_tip {
                              FrameTransformMatrix {
                                 0.996801, 0.064161, 0.047663, 0.000000,
                                 0.047663,-0.955862, 0.289925, 0.000000,
                                 0.064160,-0.286726,-0.955861, 0.000000,
                                -0.000000, 0.104995,-0.000000, 1.000000;;
                              }
                            } // End of MarineV2_arm_coat_B_tip
                          } // End of MarineV2_arm_coat_B_6
                        } // End of MarineV2_arm_coat_B_5
                      } // End of MarineV2_arm_coat_B_4
                    } // End of MarineV2_arm_coat_B_3
                  } // End of MarineV2_arm_coat_B_2
                } // End of MarineV2_arm_coat_B_1
                Frame MarineV2_arm_coat_B_1_L {
                  FrameTransformMatrix {
                    -0.131578,-0.758432,-0.638332, 0.000000,
                     0.598054, 0.452811,-0.661282, 0.000000,
                     0.790581,-0.468767, 0.394004, 0.000000,
                     0.082375,-0.045689,-0.248509, 1.000000;;
                  }
                  Frame MarineV2_arm_coat_B_2_L {
                    FrameTransformMatrix {
                       0.998914,-0.029852,-0.035774, 0.000000,
                       0.030348, 0.999449, 0.013407, 0.000000,
                       0.035354,-0.014478, 0.999270, 0.000000,
                       0.000000, 0.099580,-0.000000, 1.000000;;
                    }
                    Frame MarineV2_arm_coat_B_3_L {
                      FrameTransformMatrix {
                         0.997471, 0.051635, 0.048840, 0.000000,
                        -0.053207, 0.998088, 0.031451, 0.000000,
                        -0.047123,-0.033970, 0.998311, 0.000000,
                        -0.000000, 0.123644, 0.000000, 1.000000;;
                      }
                      Frame MarineV2_arm_coat_B_4_L {
                        FrameTransformMatrix {
                           0.997510, 0.051366, 0.048322, 0.000000,
                          -0.052997, 0.998046, 0.033099, 0.000000,
                          -0.046527,-0.035578, 0.998283, 0.000000,
                           0.000000, 0.145153, 0.000000, 1.000000;;
                        }
                        Frame MarineV2_arm_coat_B_5_L {
                          FrameTransformMatrix {
                             0.999996,-0.000949,-0.002594, 0.000000,
                             0.000981, 0.999927, 0.012071, 0.000000,
                             0.002582,-0.012073, 0.999924, 0.000000,
                            -0.000000, 0.133434, 0.000000, 1.000000;;
                          }
                          Frame MarineV2_arm_coat_B_tip_L {
                            FrameTransformMatrix {
                               0.981519, 0.136362, 0.134361, 0.000000,
                               0.134365,-0.990645, 0.023842, 0.000000,
                               0.136358,-0.005347,-0.990646, 0.000000,
                              -0.000000, 0.141589,-0.000000, 1.000000;;
                            }
                          } // End of MarineV2_arm_coat_B_tip_L
                        } // End of MarineV2_arm_coat_B_5_L
                      } // End of MarineV2_arm_coat_B_4_L
                    } // End of MarineV2_arm_coat_B_3_L
                  } // End of MarineV2_arm_coat_B_2_L
                } // End of MarineV2_arm_coat_B_1_L
                Frame MarineV2_arm_coat_B_1_R {
                  FrameTransformMatrix {
                     0.437679,-0.651065,-0.620122, 0.000000,
                     0.529740, 0.743999,-0.407236, 0.000000,
                     0.726507,-0.150265, 0.670528, 0.000000,
                     0.016495, 0.262912, 0.022841, 1.000000;;
                  }
                  Frame MarineV2_arm_coat_B_2_R {
                    FrameTransformMatrix {
                       0.999108, 0.022459, 0.035766, 0.000000,
                      -0.024006, 0.998769, 0.043415, 0.000000,
                      -0.034747,-0.044235, 0.998417, 0.000000,
                      -0.000000, 0.113350, 0.000000, 1.000000;;
                    }
                    Frame MarineV2_arm_coat_B_3_R {
                      FrameTransformMatrix {
                         0.997715,-0.050420,-0.044979, 0.000000,
                         0.052074, 0.997979, 0.036401, 0.000000,
                         0.043052,-0.038660, 0.998325, 0.000000,
                        -0.000000, 0.133707, 0.000000, 1.000000;;
                      }
                      Frame MarineV2_arm_coat_B_4_R {
                        FrameTransformMatrix {
                           0.997846,-0.047146,-0.045621, 0.000000,
                           0.047657, 0.998812, 0.010167, 0.000000,
                           0.045088,-0.012320, 0.998907, 0.000000,
                          -0.000000, 0.130164,-0.000000, 1.000000;;
                        }
                        Frame MarineV2_arm_coat_B_5_R {
                          FrameTransformMatrix {
                             0.993009,-0.084510,-0.082405, 0.000000,
                             0.086305, 0.996098, 0.018461, 0.000000,
                             0.080524,-0.025444, 0.996428, 0.000000,
                             0.000000, 0.129262, 0.000000, 1.000000;;
                          }
                          Frame MarineV2_arm_coat_B_tip_R {
                            FrameTransformMatrix {
                               0.995649,-0.066886,-0.064916, 0.000000,
                              -0.064917,-0.997378, 0.031975, 0.000000,
                              -0.066887,-0.027622,-0.997379, 0.000000,
                              -0.000000, 0.136640,-0.000000, 1.000000;;
                            }
                          } // End of MarineV2_arm_coat_B_tip_R
                        } // End of MarineV2_arm_coat_B_5_R
                      } // End of MarineV2_arm_coat_B_4_R
                    } // End of MarineV2_arm_coat_B_3_R
                  } // End of MarineV2_arm_coat_B_2_R
                } // End of MarineV2_arm_coat_B_1_R
                Frame MarineV2_arm_coat_C_1_L {
                  FrameTransformMatrix {
                    -0.186500,-0.755048,-0.628586, 0.000000,
                     0.592843, 0.423705,-0.684844, 0.000000,
                     0.783425,-0.500376, 0.368604, 0.000000,
                     0.106477,-0.079364,-0.229623, 1.000000;;
                  }
                  Frame MarineV2_arm_coat_C_2_L {
                    FrameTransformMatrix {
                       0.994915,-0.053261,-0.085477, 0.000000,
                       0.060355, 0.994747, 0.082676, 0.000000,
                       0.080624,-0.087415, 0.992904, 0.000000,
                       0.000000, 0.097769, 0.000000, 1.000000;;
                    }
                    Frame MarineV2_arm_coat_C_3_L {
                      FrameTransformMatrix {
                         0.999606, 0.022512, 0.016769, 0.000000,
                        -0.022821, 0.999568, 0.018512, 0.000000,
                        -0.016345,-0.018887, 0.999688, 0.000000,
                         0.000000, 0.120816,-0.000000, 1.000000;;
                      }
                      Frame MarineV2_arm_coat_C_4_L {
                        FrameTransformMatrix {
                           0.997699, 0.050748, 0.044961, 0.000000,
                          -0.051536, 0.998534, 0.016546, 0.000000,
                          -0.044055,-0.018825, 0.998852, 0.000000,
                           0.000000, 0.144338,-0.000000, 1.000000;;
                        }
                        Frame MarineV2_arm_coat_C_5_L {
                          FrameTransformMatrix {
                             0.999565, 0.025342, 0.015074, 0.000000,
                            -0.025941, 0.998824, 0.040965, 0.000000,
                            -0.014019,-0.041339, 0.999047, 0.000000,
                             0.000000, 0.129994, 0.000000, 1.000000;;
                          }
                          Frame MarineV2_arm_coat_C_tip_L {
                            FrameTransformMatrix {
                               0.950437, 0.229500, 0.209745, 0.000000,
                               0.209741,-0.971281, 0.112347, 0.000000,
                               0.229502,-0.062789,-0.971280, 0.000000,
                              -0.000000, 0.134738, 0.000000, 1.000000;;
                            }
                          } // End of MarineV2_arm_coat_C_tip_L
                        } // End of MarineV2_arm_coat_C_5_L
                      } // End of MarineV2_arm_coat_C_4_L
                    } // End of MarineV2_arm_coat_C_3_L
                  } // End of MarineV2_arm_coat_C_2_L
                } // End of MarineV2_arm_coat_C_1_L
                Frame MarineV2_arm_coat_C_1_R {
                  FrameTransformMatrix {
                     0.488940,-0.630002,-0.603353, 0.000000,
                     0.528777, 0.764157,-0.369403, 0.000000,
                     0.693781,-0.138423, 0.706758, 0.000000,
                     0.031476, 0.257048, 0.053705, 1.000000;;
                  }
                  Frame MarineV2_arm_coat_C_2_R {
                    FrameTransformMatrix {
                       0.997919, 0.029143, 0.057510, 0.000000,
                      -0.033909, 0.995912, 0.083728, 0.000000,
                      -0.054835,-0.085504, 0.994828, 0.000000,
                      -0.000000, 0.113383, 0.000000, 1.000000;;
                    }
                    Frame MarineV2_arm_coat_C_3_R {
                      FrameTransformMatrix {
                         0.998606,-0.042266,-0.031635, 0.000000,
                         0.043393, 0.998415, 0.035850, 0.000000,
                         0.030069,-0.037173, 0.998856, 0.000000,
                         0.000000, 0.133212,-0.000000, 1.000000;;
                      }
                      Frame MarineV2_arm_coat_C_4_R {
                        FrameTransformMatrix {
                           0.998051,-0.047805,-0.040110, 0.000000,
                           0.048695, 0.998582, 0.021501, 0.000000,
                           0.039025,-0.023412, 0.998964, 0.000000,
                          -0.000000, 0.124066,-0.000000, 1.000000;;
                        }
                        Frame MarineV2_arm_coat_C_5_R {
                          FrameTransformMatrix {
                             0.999490,-0.022189,-0.022961, 0.000000,
                             0.021874, 0.999664,-0.013893, 0.000000,
                             0.023261, 0.013383, 0.999640, 0.000000,
                            -0.000000, 0.119645,-0.000000, 1.000000;;
                          }
                          Frame MarineV2_arm_coat_C_tip_R {
                            FrameTransformMatrix {
                               0.961988,-0.199851,-0.186100, 0.000000,
                              -0.186099,-0.978507, 0.088826, 0.000000,
                              -0.199850,-0.050817,-0.978507, 0.000000,
                               0.000000, 0.136197,-0.000000, 1.000000;;
                            }
                          } // End of MarineV2_arm_coat_C_tip_R
                        } // End of MarineV2_arm_coat_C_5_R
                      } // End of MarineV2_arm_coat_C_4_R
                    } // End of MarineV2_arm_coat_C_3_R
                  } // End of MarineV2_arm_coat_C_2_R
                } // End of MarineV2_arm_coat_C_1_R
                Frame MarineV2_arm_coat_D_1_L {
                  FrameTransformMatrix {
                    -0.049882,-0.754031,-0.654942, 0.000000,
                     0.660422, 0.467028,-0.587986, 0.000000,
                     0.749236,-0.461868, 0.474682, 0.000000,
                     0.136773,-0.096875,-0.200013, 1.000000;;
                  }
                  Frame MarineV2_arm_coat_D_2_L {
                    FrameTransformMatrix {
                       0.988117,-0.103862,-0.113299, 0.000000,
                       0.107784, 0.993750, 0.029041, 0.000000,
                       0.109575,-0.040907, 0.993136, 0.000000,
                      -0.000000, 0.092664,-0.000000, 1.000000;;
                    }
                    Frame MarineV2_arm_coat_D_3_L {
                      FrameTransformMatrix {
                         0.998778,-0.021786,-0.044367, 0.000000,
                         0.025349, 0.996361, 0.081379, 0.000000,
                         0.042433,-0.082404, 0.995695, 0.000000,
                        -0.000000, 0.119608,-0.000000, 1.000000;;
                      }
                      Frame MarineV2_arm_coat_D_4_L {
                        FrameTransformMatrix {
                           0.999992, 0.003881, 0.000510, 0.000000,
                          -0.003887, 0.999934, 0.010845, 0.000000,
                          -0.000468,-0.010847, 0.999941, 0.000000,
                           0.000000, 0.135340, 0.000000, 1.000000;;
                        }
                        Frame MarineV2_arm_coat_D_5_L {
                          FrameTransformMatrix {
                             0.998466, 0.044902, 0.032394, 0.000000,
                            -0.045875, 0.998498, 0.029942, 0.000000,
                            -0.031001,-0.031382, 0.999027, 0.000000,
                            -0.000000, 0.120916,-0.000000, 1.000000;;
                          }
                          Frame MarineV2_arm_coat_D_tip_L {
                            FrameTransformMatrix {
                               0.941156, 0.257139, 0.219323, 0.000000,
                               0.219321,-0.958425, 0.182535, 0.000000,
                               0.257140,-0.123692,-0.958425, 0.000000,
                              -0.000000, 0.126355,-0.000000, 1.000000;;
                            }
                          } // End of MarineV2_arm_coat_D_tip_L
                        } // End of MarineV2_arm_coat_D_5_L
                      } // End of MarineV2_arm_coat_D_4_L
                    } // End of MarineV2_arm_coat_D_3_L
                  } // End of MarineV2_arm_coat_D_2_L
                } // End of MarineV2_arm_coat_D_1_L
                Frame MarineV2_arm_coat_D_1_R {
                  FrameTransformMatrix {
                     0.405673,-0.672211,-0.619323, 0.000000,
                     0.602637, 0.706155,-0.371716, 0.000000,
                     0.687210,-0.222432, 0.691568, 0.000000,
                     0.053668, 0.244730, 0.080990, 1.000000;;
                  }
                  Frame MarineV2_arm_coat_D_2_R {
                    FrameTransformMatrix {
                       0.990007, 0.090227, 0.108377, 0.000000,
                      -0.096781, 0.993683, 0.056810, 0.000000,
                      -0.102567,-0.066731, 0.992485, 0.000000,
                      -0.000000, 0.103884, 0.000000, 1.000000;;
                    }
                    Frame MarineV2_arm_coat_D_3_R {
                      FrameTransformMatrix {
                         0.999541,-0.004376, 0.029969, 0.000000,
                         0.000903, 0.993373, 0.114935, 0.000000,
                        -0.030273,-0.114855, 0.992921, 0.000000,
                        -0.000000, 0.133112, 0.000000, 1.000000;;
                      }
                      Frame MarineV2_arm_coat_D_4_R {
                        FrameTransformMatrix {
                           0.999993,-0.003667, 0.000851, 0.000000,
                           0.003655, 0.999896, 0.013956, 0.000000,
                          -0.000902,-0.013953, 0.999902, 0.000000,
                           0.000000, 0.119432,-0.000000, 1.000000;;
                        }
                        Frame MarineV2_arm_coat_D_5_R {
                          FrameTransformMatrix {
                             0.999972,-0.004876,-0.005649, 0.000000,
                             0.004842, 0.999970,-0.006039, 0.000000,
                             0.005678, 0.006011, 0.999966, 0.000000,
                             0.000000, 0.122173,-0.000000, 1.000000;;
                          }
                          Frame MarineV2_arm_coat_D_tip_R {
                            FrameTransformMatrix {
                               0.914691,-0.311578,-0.257408, 0.000000,
                              -0.257406,-0.940146, 0.223309, 0.000000,
                              -0.311579,-0.138000,-0.940146, 0.000000,
                              -0.000000, 0.125319, 0.000000, 1.000000;;
                            }
                          } // End of MarineV2_arm_coat_D_tip_R
                        } // End of MarineV2_arm_coat_D_5_R
                      } // End of MarineV2_arm_coat_D_4_R
                    } // End of MarineV2_arm_coat_D_3_R
                  } // End of MarineV2_arm_coat_D_2_R
                } // End of MarineV2_arm_coat_D_1_R
                Frame MarineV2_arm_coat_E_1_L {
                  FrameTransformMatrix {
                     0.035936,-0.752205,-0.657948, 0.000000,
                     0.638749, 0.523625,-0.563752, 0.000000,
                     0.768575,-0.400005, 0.499287, 0.000000,
                     0.160051,-0.095264,-0.145160, 1.000000;;
                  }
                  Frame MarineV2_arm_coat_E_2_L {
                    FrameTransformMatrix {
                       0.993521,-0.072129,-0.087827, 0.000000,
                       0.078889, 0.993974, 0.076103, 0.000000,
                       0.081808,-0.082539, 0.993224, 0.000000,
                       0.000000, 0.097619, 0.000000, 1.000000;;
                    }
                    Frame MarineV2_arm_coat_E_3_L {
                      FrameTransformMatrix {
                         0.998402,-0.028019,-0.049073, 0.000000,
                         0.033378, 0.993144, 0.112032, 0.000000,
                         0.045597,-0.113491, 0.992492, 0.000000,
                        -0.000000, 0.117799,-0.000000, 1.000000;;
                      }
                      Frame MarineV2_arm_coat_E_4_L {
                        FrameTransformMatrix {
                           0.999146,-0.028295,-0.030101, 0.000000,
                           0.029127, 0.999196, 0.027552, 0.000000,
                           0.029297,-0.028405, 0.999167, 0.000000,
                           0.000000, 0.130172, 0.000000, 1.000000;;
                        }
                        Frame MarineV2_arm_coat_E_5_L {
                          FrameTransformMatrix {
                             0.999885, 0.014280,-0.005011, 0.000000,
                            -0.013829, 0.996639, 0.080749, 0.000000,
                             0.006147,-0.080670, 0.996722, 0.000000,
                            -0.000000, 0.111266,-0.000000, 1.000000;;
                          }
                          Frame MarineV2_arm_coat_E_tip_L {
                            FrameTransformMatrix {
                               0.949873, 0.248993, 0.189060, 0.000000,
                               0.189061,-0.939109, 0.286932, 0.000000,
                               0.248994,-0.236805,-0.939110, 0.000000,
                              -0.000000, 0.113689, 0.000000, 1.000000;;
                            }
                          } // End of MarineV2_arm_coat_E_tip_L
                        } // End of MarineV2_arm_coat_E_5_L
                      } // End of MarineV2_arm_coat_E_4_L
                    } // End of MarineV2_arm_coat_E_3_L
                  } // End of MarineV2_arm_coat_E_2_L
                } // End of MarineV2_arm_coat_E_1_L
                Frame MarineV2_arm_coat_E_1_R {
                  FrameTransformMatrix {
                     0.265284,-0.717301,-0.644285, 0.000000,
                     0.670591, 0.617397,-0.411252, 0.000000,
                     0.692771,-0.322953, 0.644801, 0.000000,
                     0.078568, 0.219101, 0.094511, 1.000000;;
                  }
                  Frame MarineV2_arm_coat_E_2_R {
                    FrameTransformMatrix {
                       0.971813, 0.160979, 0.172236, 0.000000,
                      -0.173272, 0.983118, 0.058794, 0.000000,
                      -0.159863,-0.086980, 0.983300, 0.000000,
                       0.000000, 0.104681,-0.000000, 1.000000;;
                    }
                    Frame MarineV2_arm_coat_E_3_R {
                      FrameTransformMatrix {
                         0.999534,-0.002196, 0.030444, 0.000000,
                        -0.001716, 0.991787, 0.127888, 0.000000,
                        -0.030475,-0.127880, 0.991321, 0.000000,
                        -0.000000, 0.118511, 0.000000, 1.000000;;
                      }
                      Frame MarineV2_arm_coat_E_4_R {
                        FrameTransformMatrix {
                           0.998790,-0.046942,-0.014637, 0.000000,
                           0.048204, 0.993501, 0.103112, 0.000000,
                           0.009701,-0.103693, 0.994562, 0.000000,
                          -0.000000, 0.116003, 0.000000, 1.000000;;
                        }
                        Frame MarineV2_arm_coat_E_5_R {
                          FrameTransformMatrix {
                             0.998517, 0.049077, 0.023570, 0.000000,
                            -0.047971, 0.997817,-0.045381, 0.000000,
                            -0.025745, 0.044183, 0.998692, 0.000000,
                             0.000000, 0.113839, 0.000000, 1.000000;;
                          }
                          Frame MarineV2_arm_coat_E_tip_R {
                            FrameTransformMatrix {
                               0.927797,-0.301451,-0.219818, 0.000000,
                              -0.219817,-0.917750, 0.330780, 0.000000,
                              -0.301452,-0.258576,-0.917750, 0.000000,
                              -0.000000, 0.119226, 0.000000, 1.000000;;
                            }
                          } // End of MarineV2_arm_coat_E_tip_R
                        } // End of MarineV2_arm_coat_E_5_R
                      } // End of MarineV2_arm_coat_E_4_R
                    } // End of MarineV2_arm_coat_E_3_R
                  } // End of MarineV2_arm_coat_E_2_R
                } // End of MarineV2_arm_coat_E_1_R
                Frame MarineV2_arm_coat_F_1_L {
                  FrameTransformMatrix {
                     0.038385,-0.747007,-0.663707, 0.000000,
                     0.734942, 0.471126,-0.487751, 0.000000,
                     0.677043,-0.469063, 0.567091, 0.000000,
                     0.171227,-0.080631,-0.109420, 1.000000;;
                  }
                  Frame MarineV2_arm_coat_F_2_L {
                    FrameTransformMatrix {
                       0.997848,-0.042556,-0.049894, 0.000000,
                       0.047065, 0.994556, 0.092971, 0.000000,
                       0.045666,-0.095120, 0.994418, 0.000000,
                      -0.000000, 0.097298, 0.000000, 1.000000;;
                    }
                    Frame MarineV2_arm_coat_F_3_L {
                      FrameTransformMatrix {
                         0.997821,-0.050031,-0.043009, 0.000000,
                         0.050527, 0.998668, 0.010505, 0.000000,
                         0.042426,-0.012655, 0.999020, 0.000000,
                        -0.000000, 0.113343,-0.000000, 1.000000;;
                      }
                      Frame MarineV2_arm_coat_F_4_L {
                        FrameTransformMatrix {
                           0.999888, 0.014616, 0.003247, 0.000000,
                          -0.014778, 0.998231, 0.057588, 0.000000,
                          -0.002399,-0.057630, 0.998335, 0.000000,
                          -0.000000, 0.119776,-0.000000, 1.000000;;
                        }
                        Frame MarineV2_arm_coat_F_5_L {
                          FrameTransformMatrix {
                             0.999465,-0.024020,-0.022180, 0.000000,
                             0.024518, 0.999448, 0.022435, 0.000000,
                             0.021629,-0.022967, 0.999502, 0.000000,
                             0.000000, 0.105149,-0.000000, 1.000000;;
                          }
                          Frame MarineV2_arm_coat_F_tip_L {
                            FrameTransformMatrix {
                               0.965386, 0.208908, 0.156171, 0.000000,
                               0.156173,-0.942522, 0.295402, 0.000000,
                               0.208909,-0.260786,-0.942524, 0.000000,
                              -0.000000, 0.108334,-0.000000, 1.000000;;
                            }
                          } // End of MarineV2_arm_coat_F_tip_L
                        } // End of MarineV2_arm_coat_F_5_L
                      } // End of MarineV2_arm_coat_F_4_L
                    } // End of MarineV2_arm_coat_F_3_L
                  } // End of MarineV2_arm_coat_F_2_L
                } // End of MarineV2_arm_coat_F_1_L
                Frame MarineV2_arm_coat_F_1_R {
                  FrameTransformMatrix {
                     0.178493,-0.734713,-0.654475, 0.000000,
                     0.720056, 0.550848,-0.422003, 0.000000,
                     0.670567,-0.395933, 0.627357, 0.000000,
                     0.105192, 0.184524, 0.096024, 1.000000;;
                  }
                  Frame MarineV2_arm_coat_F_2_R {
                    FrameTransformMatrix {
                       0.997707, 0.049127, 0.046547, 0.000000,
                      -0.050418, 0.998364, 0.026980, 0.000000,
                      -0.045145,-0.029265, 0.998552, 0.000000,
                       0.000000, 0.099415, 0.000000, 1.000000;;
                    }
                    Frame MarineV2_arm_coat_F_3_R {
                      FrameTransformMatrix {
                         0.991433, 0.089626, 0.095018, 0.000000,
                        -0.099029, 0.990111, 0.099362, 0.000000,
                        -0.085173,-0.107920, 0.990504, 0.000000,
                         0.000000, 0.121038,-0.000000, 1.000000;;
                      }
                      Frame MarineV2_arm_coat_F_4_R {
                        FrameTransformMatrix {
                           0.999783,-0.020325, 0.004586, 0.000000,
                           0.019401, 0.988364, 0.150868, 0.000000,
                          -0.007599,-0.150746, 0.988543, 0.000000,
                           0.000000, 0.101939, 0.000000, 1.000000;;
                        }
                        Frame MarineV2_arm_coat_F_5_R {
                          FrameTransformMatrix {
                             0.995129, 0.078344, 0.059843, 0.000000,
                            -0.080438, 0.996199, 0.033430, 0.000000,
                            -0.056997,-0.038081, 0.997648, 0.000000,
                             0.000000, 0.107751,-0.000000, 1.000000;;
                          }
                          Frame MarineV2_arm_coat_F_tip_R {
                            FrameTransformMatrix {
                               0.951585,-0.257584,-0.167740, 0.000000,
                              -0.167740,-0.892430, 0.418847, 0.000000,
                              -0.257585,-0.370431,-0.892430, 0.000000,
                              -0.000000, 0.117415,-0.000000, 1.000000;;
                            }
                          } // End of MarineV2_arm_coat_F_tip_R
                        } // End of MarineV2_arm_coat_F_5_R
                      } // End of MarineV2_arm_coat_F_4_R
                    } // End of MarineV2_arm_coat_F_3_R
                  } // End of MarineV2_arm_coat_F_2_R
                } // End of MarineV2_arm_coat_F_1_R
                Frame MarineV2_arm_coat_G_1_L {
                  FrameTransformMatrix {
                     0.120237,-0.740655,-0.661039, 0.000000,
                     0.792357, 0.472759,-0.385576, 0.000000,
                     0.598091,-0.477419, 0.643707, 0.000000,
                     0.077201,-0.123328,-0.024969, 1.000000;;
                  }
                  Frame MarineV2_arm_coat_G_2_L {
                    FrameTransformMatrix {
                       0.996376,-0.067916,-0.051204, 0.000000,
                       0.064731, 0.996007,-0.061482, 0.000000,
                       0.055175, 0.057945, 0.996794, 0.000000,
                       0.000000, 0.125832, 0.000000, 1.000000;;
                    }
                    Frame MarineV2_arm_coat_G_3_L {
                      FrameTransformMatrix {
                         0.999330, 0.030361, 0.020457, 0.000000,
                        -0.032472, 0.993142, 0.112314, 0.000000,
                        -0.016907,-0.112903, 0.993462, 0.000000,
                         0.000000, 0.097867, 0.000000, 1.000000;;
                      }
                      Frame MarineV2_arm_coat_G_4_L {
                        FrameTransformMatrix {
                           0.999726, 0.019255, 0.013347, 0.000000,
                          -0.019832, 0.998811, 0.044540, 0.000000,
                          -0.012473,-0.044792, 0.998918, 0.000000,
                          -0.000000, 0.114553, 0.000000, 1.000000;;
                        }
                        Frame MarineV2_arm_coat_G_5_L {
                          FrameTransformMatrix {
                             0.998101,-0.050122,-0.035806, 0.000000,
                             0.049457, 0.998591,-0.019226, 0.000000,
                             0.036719, 0.017418, 0.999174, 0.000000,
                             0.000000, 0.111830, 0.000000, 1.000000;;
                          }
                          Frame MarineV2_arm_coat_G_6_L {
                            FrameTransformMatrix {
                               0.999521,-0.024467,-0.018927, 0.000000,
                               0.024555, 0.999689, 0.004457, 0.000000,
                               0.018812,-0.004920, 0.999811, 0.000000,
                              -0.000000, 0.102746,-0.000000, 1.000000;;
                            }
