xof 0303txt 0032

AnimTicksPerSecond {
	30;
}
Frame Bone_000 {
	FrameTransformMatrix {
		1.000000,0.000000,0.000000,0.000000,0.000000,1.000000,0.000000,0.000000,-0.000000,0.000000,1.000000,0.000000,0.000000,0.000000,0.000000,1.000000;;
	}
	Frame Bone_001 {
		FrameTransformMatrix {
			1.000000,0.000000,0.000000,0.000000,0.000000,1.000000,0.000000,0.000000,0.000000,0.000000,1.000000,0.000000,0.000000,0.687328,0.000000,1.000000;;
		}
		Frame Bone_002 {
			FrameTransformMatrix {
				1.000000,0.000000,0.000000,0.000000,0.000000,1.000000,0.000000,0.000000,0.000000,0.000000,1.000000,0.000000,0.000000,0.016000,0.000000,1.000000;;
			}
			Frame Bone_003 {
				FrameTransformMatrix {
					1.000000,0.000000,-0.000000,0.000000,-0.000000,0.999724,-0.023472,0.000000,0.000000,0.023472,0.999725,0.000000,-0.000000,0.245443,-0.012219,1.000000;;
				}
				Frame Bone_004 {
					FrameTransformMatrix {
						1.000000,0.000002,-0.000002,0.000000,-0.000003,0.983099,-0.183076,0.000000,0.000002,0.183076,0.983099,0.000000,-0.000000,0.117228,-0.000000,1.000000;;
					}
					Frame Bone_005 {
						FrameTransformMatrix {
							1.000000,-0.000003,0.000002,0.000000,0.000001,0.775485,0.631366,0.000000,-0.000003,-0.631366,0.775485,0.000000,-0.000000,0.163349,0.000000,1.000000;;
						}
						Frame Bone_006 {
							FrameTransformMatrix {
								1.000000,0.000000,-0.000000,0.000000,-0.000000,0.888961,-0.457982,0.000000,0.000000,0.457982,0.888961,0.000000,0.000000,0.038001,0.000000,1.000000;;
							}
						}
					}
					Frame Bone_152 {
						FrameTransformMatrix {
							0.000002,0.206101,-0.978531,0.000000,0.999804,-0.019396,-0.004083,0.000000,-0.019821,-0.978339,-0.206061,0.000000,0.026529,0.121471,-0.014315,1.000000;;
						}
						Frame Bone_153 {
							FrameTransformMatrix {
								0.999349,-0.025692,-0.025305,0.000000,0.036061,0.711940,0.701313,0.000000,-0.000002,-0.701770,0.712404,0.000000,0.000000,0.064797,0.000000,1.000000;;
							}
							Frame Bone_154 {
								FrameTransformMatrix {
									0.998747,-0.050031,0.001054,0.000000,0.050040,0.998672,-0.012255,0.000000,-0.000440,0.012292,0.999924,0.000000,-0.004777,0.132398,0.001170,1.000000;;
								}
								Frame Bone_155 {
									FrameTransformMatrix {
										0.991860,0.127332,0.000002,0.000000,-0.127332,0.991860,-0.000001,0.000000,-0.000003,0.000001,1.000000,0.000000,0.000000,0.095473,-0.000000,1.000000;;
									}
									Frame Bone_156 {
										FrameTransformMatrix {
											0.999968,-0.007968,-0.000003,0.000000,0.007968,0.999968,0.000002,0.000000,0.000003,-0.000002,1.000000,0.000000,-0.000699,0.110029,-0.000000,1.000000;;
										}
										Frame Bone_157 {
											FrameTransformMatrix {
												0.999436,-0.033577,0.000003,0.000000,0.033577,0.999422,0.005234,0.000000,-0.000179,-0.005231,0.999986,0.000000,0.000000,0.087678,-0.000000,1.000000;;
											}
										}
									}
								}
							}
						}
					}
					Frame Bone_237 {
						FrameTransformMatrix {
							0.000002,0.206101,-0.978531,0.000000,-0.999804,-0.019391,-0.004087,0.000000,-0.019817,0.978338,0.206061,0.000000,-0.026528,0.121471,-0.014316,1.000000;;
						}
						Frame Bone_238 {
							FrameTransformMatrix {
								0.999350,-0.025690,0.025307,0.000000,0.036061,0.711941,-0.701313,0.000000,-0.000000,0.701770,0.712404,0.000000,0.000000,0.064797,0.000000,1.000000;;
							}
							Frame Bone_239 {
								FrameTransformMatrix {
									0.998747,-0.050031,-0.001059,0.000000,0.050040,0.998672,0.012255,0.000000,0.000444,-0.012292,0.999924,0.000000,-0.004778,0.132398,-0.001170,1.000000;;
								}
								Frame Bone_240 {
									FrameTransformMatrix {
										0.991860,0.127332,0.000000,0.000000,-0.127332,0.991860,0.000001,0.000000,0.000000,-0.000001,1.000000,0.000000,-0.000000,0.095473,0.000000,1.000000;;
									}
									Frame Bone_241 {
										FrameTransformMatrix {
											0.999968,-0.007968,-0.000001,0.000000,0.007968,0.999968,-0.000000,0.000000,0.000001,0.000000,1.000000,0.000000,-0.000699,0.110029,0.000000,1.000000;;
										}
										Frame Bone_242 {
											FrameTransformMatrix {
												0.999436,-0.033577,0.000001,0.000000,0.033577,0.999422,-0.005236,0.000000,0.000175,0.005234,0.999986,0.000000,-0.000000,0.087679,0.000000,1.000000;;
											}
										}
									}
								}
							}
						}
					}
				}
			}
			Frame Bone_444 {
				FrameTransformMatrix {
					1.000000,0.000000,-0.000000,0.000000,0.000000,-1.000000,0.000000,0.000000,-0.000000,0.000000,-1.000000,0.000000,0.000000,0.240347,-0.013991,1.000000;;
				}
				Frame Bone_445 {
					FrameTransformMatrix {
						1.000000,0.000000,-0.000000,0.000000,0.000000,0.999994,0.003595,0.000000,0.000000,-0.003595,0.999994,0.000000,0.063292,0.113950,0.010275,1.000000;;
					}
					Frame Bone_446 {
						FrameTransformMatrix {
							1.000000,-0.000001,-0.000002,0.000000,0.000002,0.998299,0.058307,0.000000,0.000001,-0.058307,0.998299,0.000000,-0.000000,0.361325,0.000000,1.000000;;
						}
						Frame Bone_447 {
							FrameTransformMatrix {
								1.000000,0.000002,0.000001,0.000000,-0.000000,0.781116,-0.624386,0.000000,-0.000002,0.624386,0.781116,0.000000,0.000000,0.369575,-0.000000,1.000000;;
							}
							Frame Bone_448 {
								FrameTransformMatrix {
									-1.000000,0.000000,0.000000,0.000000,0.000000,0.574842,-0.818264,0.000000,-0.000000,-0.818265,-0.574842,0.000000,0.000000,0.089854,-0.000000,1.000000;;
								}
							}
						}
					}
				}
				Frame Bone_457 {
					FrameTransformMatrix {
						1.000000,0.000001,0.000001,0.000000,-0.000001,0.999994,0.003595,0.000000,-0.000001,-0.003595,0.999994,0.000000,-0.063292,0.113951,0.010275,1.000000;;
					}
					Frame Bone_458 {
						FrameTransformMatrix {
							1.000000,-0.000001,-0.000001,0.000000,0.000002,0.998299,0.058307,0.000000,0.000001,-0.058307,0.998299,0.000000,-0.000000,0.361324,-0.000000,1.000000;;
						}
						Frame Bone_459 {
							FrameTransformMatrix {
								1.000000,0.000000,-0.000000,0.000000,-0.000000,0.781116,-0.624386,0.000000,-0.000000,0.624386,0.781116,0.000000,-0.000000,0.369575,0.000000,1.000000;;
							}
							Frame Bone_460 {
								FrameTransformMatrix {
									-1.000000,0.000000,0.000000,0.000000,-0.000000,0.574842,-0.818265,0.000000,-0.000000,-0.818265,-0.574842,0.000000,0.000000,0.089854,-0.000000,1.000000;;
								}
							}
						}
					}
				}
			}
		}
	}
}
AnimationSet jump {
	Animation {
		{ Bone_000 }
		AnimationKey {
			4;
			41;
			0;16;1.000000,0.000000,0.000000,0.000000,0.000000,1.000000,0.000000,0.000000,-0.000000,0.000000,1.000000,0.000000,0.000000,0.000000,0.000000,1.000000;;,
			1;16;1.000000,0.000000,0.000000,0.000000,0.000000,1.000000,0.000000,0.000000,-0.000000,0.000000,1.000000,0.000000,0.000000,0.000000,0.000000,1.000000;;,
			2;16;1.000000,0.000000,0.000000,0.000000,0.000000,1.000000,0.000000,0.000000,-0.000000,0.000000,1.000000,0.000000,0.000000,0.000000,0.000000,1.000000;;,
			3;16;1.000000,0.000000,0.000000,0.000000,0.000000,1.000000,0.000000,0.000000,-0.000000,0.000000,1.000000,0.000000,0.000000,0.000000,0.000000,1.000000;;,
			4;16;1.000000,0.000000,0.000000,0.000000,0.000000,1.000000,0.000000,0.000000,-0.000000,0.000000,1.000000,0.000000,0.000000,0.000000,0.000000,1.000000;;,
			5;16;1.000000,0.000000,0.000000,0.000000,0.000000,1.000000,0.000000,0.000000,-0.000000,0.000000,1.000000,0.000000,0.000000,0.000000,0.000000,1.000000;;,
			6;16;1.000000,0.000000,0.000000,0.000000,0.000000,1.000000,0.000000,0.000000,-0.000000,0.000000,1.000000,0.000000,0.000000,0.000000,0.000000,1.000000;;,
			7;16;1.000000,0.000000,0.000000,0.000000,0.000000,1.000000,0.000000,0.000000,-0.000000,0.000000,1.000000,0.000000,0.000000,0.000000,0.000000,1.000000;;,
			8;16;1.000000,0.000000,0.000000,0.000000,0.000000,1.000000,0.000000,0.000000,-0.000000,0.000000,1.000000,0.000000,0.000000,0.000000,0.000000,1.000000;;,
			9;16;1.000000,0.000000,0.000000,0.000000,0.000000,1.000000,0.000000,0.000000,-0.000000,0.000000,1.000000,0.000000,0.000000,0.000000,0.000000,1.000000;;,
			10;16;1.000000,0.000000,0.000000,0.000000,0.000000,1.000000,0.000000,0.000000,-0.000000,0.000000,1.000000,0.000000,0.000000,0.000000,0.000000,1.000000;;,
			11;16;1.000000,0.000000,0.000000,0.000000,0.000000,1.000000,0.000000,0.000000,-0.000000,0.000000,1.000000,0.000000,0.000000,0.000000,0.000000,1.000000;;,
			12;16;1.000000,0.000000,0.000000,0.000000,0.000000,1.000000,0.000000,0.000000,-0.000000,0.000000,1.000000,0.000000,0.000000,0.000000,0.000000,1.000000;;,
			13;16;1.000000,0.000000,0.000000,0.000000,0.000000,1.000000,0.000000,0.000000,-0.000000,0.000000,1.000000,0.000000,0.000000,0.000000,0.000000,1.000000;;,
			14;16;1.000000,0.000000,0.000000,0.000000,0.000000,1.000000,0.000000,0.000000,-0.000000,0.000000,1.000000,0.000000,0.000000,0.000000,0.000000,1.000000;;,
			15;16;1.000000,0.000000,0.000000,0.000000,0.000000,1.000000,0.000000,0.000000,-0.000000,0.000000,1.000000,0.000000,0.000000,0.000000,0.000000,1.000000;;,
			16;16;1.000000,0.000000,0.000000,0.000000,0.000000,1.000000,0.000000,0.000000,-0.000000,0.000000,1.000000,0.000000,0.000000,0.000000,0.000000,1.000000;;,
			17;16;1.000000,0.000000,0.000000,0.000000,0.000000,1.000000,0.000000,0.000000,-0.000000,0.000000,1.000000,0.000000,0.000000,0.000000,0.000000,1.000000;;,
			18;16;1.000000,0.000000,0.000000,0.000000,0.000000,1.000000,0.000000,0.000000,-0.000000,0.000000,1.000000,0.000000,0.000000,0.000000,0.000000,1.000000;;,
			19;16;1.000000,0.000000,0.000000,0.000000,0.000000,1.000000,0.000000,0.000000,-0.000000,0.000000,1.000000,0.000000,0.000000,0.000000,0.000000,1.000000;;,
			20;16;1.000000,0.000000,0.000000,0.000000,0.000000,1.000000,0.000000,0.000000,-0.000000,0.000000,1.000000,0.000000,0.000000,0.000000,0.000000,1.000000;;,
			21;16;1.000000,0.000000,0.000000,0.000000,0.000000,1.000000,0.000000,0.000000,-0.000000,0.000000,1.000000,0.000000,0.000000,0.000000,0.000000,1.000000;;,
			22;16;1.000000,0.000000,0.000000,0.000000,0.000000,1.000000,0.000000,0.000000,-0.000000,0.000000,1.000000,0.000000,0.000000,0.000000,0.000000,1.000000;;,
			23;16;1.000000,0.000000,0.000000,0.000000,0.000000,1.000000,0.000000,0.000000,-0.000000,0.000000,1.000000,0.000000,0.000000,0.000000,0.000000,1.000000;;,
			24;16;1.000000,0.000000,0.000000,0.000000,0.000000,1.000000,0.000000,0.000000,-0.000000,0.000000,1.000000,0.000000,0.000000,0.000000,0.000000,1.000000;;,
			25;16;1.000000,0.000000,0.000000,0.000000,0.000000,1.000000,0.000000,0.000000,-0.000000,0.000000,1.000000,0.000000,0.000000,0.000000,0.000000,1.000000;;,
			26;16;1.000000,0.000000,0.000000,0.000000,0.000000,1.000000,0.000000,0.000000,-0.000000,0.000000,1.000000,0.000000,0.000000,0.000000,0.000000,1.000000;;,
			27;16;1.000000,0.000000,0.000000,0.000000,0.000000,1.000000,0.000000,0.000000,-0.000000,0.000000,1.000000,0.000000,0.000000,0.000000,0.000000,1.000000;;,
			28;16;1.000000,0.000000,0.000000,0.000000,0.000000,1.000000,0.000000,0.000000,-0.000000,0.000000,1.000000,0.000000,0.000000,0.000000,0.000000,1.000000;;,
			29;16;1.000000,0.000000,0.000000,0.000000,0.000000,1.000000,0.000000,0.000000,-0.000000,0.000000,1.000000,0.000000,0.000000,0.000000,0.000000,1.000000;;,
			30;16;1.000000,0.000000,0.000000,0.000000,0.000000,1.000000,0.000000,0.000000,-0.000000,0.000000,1.000000,0.000000,0.000000,0.000000,0.000000,1.000000;;,
			31;16;1.000000,0.000000,0.000000,0.000000,0.000000,1.000000,0.000000,0.000000,-0.000000,0.000000,1.000000,0.000000,0.000000,0.000000,0.000000,1.000000;;,
			32;16;1.000000,0.000000,0.000000,0.000000,0.000000,1.000000,0.000000,0.000000,-0.000000,0.000000,1.000000,0.000000,0.000000,0.000000,0.000000,1.000000;;,
			33;16;1.000000,0.000000,0.000000,0.000000,0.000000,1.000000,0.000000,0.000000,-0.000000,0.000000,1.000000,0.000000,0.000000,0.000000,0.000000,1.000000;;,
			34;16;1.000000,0.000000,0.000000,0.000000,0.000000,1.000000,0.000000,0.000000,-0.000000,0.000000,1.000000,0.000000,0.000000,0.000000,0.000000,1.000000;;,
			35;16;1.000000,0.000000,0.000000,0.000000,0.000000,1.000000,0.000000,0.000000,-0.000000,0.000000,1.000000,0.000000,0.000000,0.000000,0.000000,1.000000;;,
			36;16;1.000000,0.000000,0.000000,0.000000,0.000000,1.000000,0.000000,0.000000,-0.000000,0.000000,1.000000,0.000000,0.000000,0.000000,0.000000,1.000000;;,
			37;16;1.000000,0.000000,0.000000,0.000000,0.000000,1.000000,0.000000,0.000000,-0.000000,0.000000,1.000000,0.000000,0.000000,0.000000,0.000000,1.000000;;,
			38;16;1.000000,0.000000,0.000000,0.000000,0.000000,1.000000,0.000000,0.000000,-0.000000,0.000000,1.000000,0.000000,0.000000,0.000000,0.000000,1.000000;;,
			39;16;1.000000,0.000000,0.000000,0.000000,0.000000,1.000000,0.000000,0.000000,-0.000000,0.000000,1.000000,0.000000,0.000000,0.000000,0.000000,1.000000;;,
			40;16;1.000000,0.000000,0.000000,0.000000,0.000000,1.000000,0.000000,0.000000,-0.000000,0.000000,1.000000,0.000000,0.000000,0.000000,0.000000,1.000000;;;
		}
	}
	Animation {
		{ Bone_001 }
		AnimationKey {
			4;
			41;
			0;16;1.000000,0.000000,0.000000,0.000000,0.000000,1.000000,0.000000,0.000000,0.000000,0.000000,1.000000,0.000000,0.000000,0.687328,0.000000,1.000000;;,
			1;16;1.000000,0.000000,0.000000,0.000000,0.000000,1.000000,0.000000,0.000000,0.000000,0.000000,1.000000,0.000000,0.000000,0.681653,0.000000,1.000000;;,
			2;16;1.000000,0.000000,0.000000,0.000000,0.000000,1.000000,0.000000,0.000000,0.000000,0.000000,1.000000,0.000000,0.000000,0.665983,0.000000,1.000000;;,
			3;16;1.000000,0.000000,0.000000,0.000000,0.000000,1.000000,0.000000,0.000000,0.000000,0.000000,1.000000,0.000000,0.000000,0.640358,0.000000,1.000000;;,
			4;16;1.000000,0.000000,0.000000,0.000000,0.000000,1.000000,0.000000,0.000000,0.000000,0.000000,1.000000,0.000000,0.000000,0.601040,0.000000,1.000000;;,
			5;16;1.000000,0.000000,0.000000,0.000000,0.000000,1.000000,0.000000,0.000000,0.000000,0.000000,1.000000,0.000000,0.000000,0.499328,0.000000,1.000000;;,
			6;16;1.000000,0.000000,0.000000,0.000000,0.000000,1.000000,0.000000,0.000000,0.000000,0.000000,1.000000,0.000000,0.000000,0.750025,0.000000,1.000000;;,
			7;16;1.000000,0.000000,0.000000,0.000000,0.000000,1.000000,0.000000,0.000000,0.000000,0.000000,1.000000,0.000000,0.000000,0.862774,0.000000,1.000000;;,
			8;16;1.000000,0.000000,0.000000,0.000000,0.000000,1.000000,0.000000,0.000000,0.000000,0.000000,1.000000,0.000000,0.000000,0.949827,0.000000,1.000000;;,
			9;16;1.000000,0.000000,0.000000,0.000000,0.000000,1.000000,0.000000,0.000000,0.000000,0.000000,1.000000,0.000000,0.000000,1.022101,0.000000,1.000000;;,
			10;16;1.000000,0.000000,0.000000,0.000000,0.000000,1.000000,0.000000,0.000000,0.000000,0.000000,1.000000,0.000000,0.000000,1.083847,0.000000,1.000000;;,
			11;16;1.000000,0.000000,0.000000,0.000000,0.000000,1.000000,0.000000,0.000000,0.000000,0.000000,1.000000,0.000000,0.000000,1.137227,0.000000,1.000000;;,
			12;16;1.000000,0.000000,0.000000,0.000000,0.000000,1.000000,0.000000,0.000000,0.000000,0.000000,1.000000,0.000000,0.000000,1.183497,0.000000,1.000000;;,
			13;16;1.000000,0.000000,0.000000,0.000000,0.000000,1.000000,0.000000,0.000000,0.000000,0.000000,1.000000,0.000000,0.000000,1.223443,0.000000,1.000000;;,
			14;16;1.000000,0.000000,0.000000,0.000000,0.000000,1.000000,0.000000,0.000000,0.000000,0.000000,1.000000,0.000000,0.000000,1.257571,0.000000,1.000000;;,
			15;16;1.000000,0.000000,0.000000,0.000000,0.000000,1.000000,0.000000,0.000000,0.000000,0.000000,1.000000,0.000000,0.000000,1.286210,0.000000,1.000000;;,
			16;16;1.000000,0.000000,0.000000,0.000000,0.000000,1.000000,0.000000,0.000000,0.000000,0.000000,1.000000,0.000000,0.000000,1.309562,0.000000,1.000000;;,
			17;16;1.000000,0.000000,0.000000,0.000000,0.000000,1.000000,0.000000,0.000000,0.000000,0.000000,1.000000,0.000000,0.000000,1.327741,0.000000,1.000000;;,
			18;16;1.000000,0.000000,0.000000,0.000000,0.000000,1.000000,0.000000,0.000000,0.000000,0.000000,1.000000,0.000000,0.000000,1.340785,0.000000,1.000000;;,
			19;16;1.000000,0.000000,0.000000,0.000000,0.000000,1.000000,0.000000,0.000000,0.000000,0.000000,1.000000,0.000000,0.000000,1.348673,0.000000,1.000000;;,
			20;16;1.000000,0.000000,0.000000,0.000000,0.000000,1.000000,0.000000,0.000000,0.000000,0.000000,1.000000,0.000000,0.000000,1.351328,0.000000,1.000000;;,
			21;16;1.000000,0.000000,0.000000,0.000000,0.000000,1.000000,0.000000,0.000000,0.000000,0.000000,1.000000,0.000000,0.000000,1.346613,0.000000,1.000000;;,
			22;16;1.000000,0.000000,0.000000,0.000000,0.000000,1.000000,0.000000,0.000000,0.000000,0.000000,1.000000,0.000000,0.000000,1.333215,0.000000,1.000000;;,
			23;16;1.000000,0.000000,0.000000,0.000000,0.000000,1.000000,0.000000,0.000000,0.000000,0.000000,1.000000,0.000000,0.000000,1.311902,0.000000,1.000000;;,
			24;16;1.000000,0.000000,0.000000,0.000000,0.000000,1.000000,0.000000,0.000000,0.000000,0.000000,1.000000,0.000000,0.000000,1.283056,0.000000,1.000000;;,
			25;16;1.000000,0.000000,0.000000,0.000000,0.000000,1.000000,0.000000,0.000000,0.000000,0.000000,1.000000,0.000000,0.000000,1.246736,0.000000,1.000000;;,
			26;16;1.000000,0.000000,0.000000,0.000000,0.000000,1.000000,0.000000,0.000000,0.000000,0.000000,1.000000,0.000000,0.000000,1.202660,0.000000,1.000000;;,
			27;16;1.000000,0.000000,0.000000,0.000000,0.000000,1.000000,0.000000,0.000000,0.000000,0.000000,1.000000,0.000000,0.000000,1.150119,0.000000,1.000000;;,
			28;16;1.000000,0.000000,0.000000,0.000000,0.000000,1.000000,0.000000,0.000000,0.000000,0.000000,1.000000,0.000000,0.000000,1.087757,0.000000,1.000000;;,
			29;16;1.000000,0.000000,0.000000,0.000000,0.000000,1.000000,0.000000,0.000000,0.000000,0.000000,1.000000,0.000000,0.000000,1.013041,0.000000,1.000000;;,
			30;16;1.000000,0.000000,0.000000,0.000000,0.000000,1.000000,0.000000,0.000000,0.000000,0.000000,1.000000,0.000000,0.000000,0.920782,0.000000,1.000000;;,
			31;16;1.000000,0.000000,0.000000,0.000000,0.000000,1.000000,0.000000,0.000000,0.000000,0.000000,1.000000,0.000000,0.000000,0.797320,0.000000,1.000000;;,
			32;16;1.000000,0.000000,0.000000,0.000000,0.000000,1.000000,0.000000,0.000000,0.000000,0.000000,1.000000,0.000000,0.000000,0.499328,0.000000,1.000000;;,
			33;16;1.000000,0.000000,0.000000,0.000000,0.000000,1.000000,0.000000,0.000000,0.000000,0.000000,1.000000,0.000000,0.000000,0.512203,0.000000,1.000000;;,
			34;16;1.000000,0.000000,0.000000,0.000000,0.000000,1.000000,0.000000,0.000000,0.000000,0.000000,1.000000,0.000000,0.000000,0.543296,0.000000,1.000000;;,
			35;16;1.000000,0.000000,0.000000,0.000000,0.000000,1.000000,0.000000,0.000000,0.000000,0.000000,1.000000,0.000000,0.000000,0.581352,0.000000,1.000000;;,
			36;16;1.000000,0.000000,0.000000,0.000000,0.000000,1.000000,0.000000,0.000000,0.000000,0.000000,1.000000,0.000000,0.000000,0.617937,0.000000,1.000000;;,
			37;16;1.000000,0.000000,0.000000,0.000000,0.000000,1.000000,0.000000,0.000000,0.000000,0.000000,1.000000,0.000000,0.000000,0.648245,0.000000,1.000000;;,
			38;16;1.000000,0.000000,0.000000,0.000000,0.000000,1.000000,0.000000,0.000000,0.000000,0.000000,1.000000,0.000000,0.000000,0.670160,0.000000,1.000000;;,
			39;16;1.000000,0.000000,0.000000,0.000000,0.000000,1.000000,0.000000,0.000000,0.000000,0.000000,1.000000,0.000000,0.000000,0.683119,0.000000,1.000000;;,
			40;16;1.000000,0.000000,0.000000,0.000000,0.000000,1.000000,0.000000,0.000000,0.000000,0.000000,1.000000,0.000000,0.000000,0.687328,0.000000,1.000000;;;
		}
	}
	Animation {
		{ Bone_002 }
		AnimationKey {
			4;
			41;
			0;16;1.000000,0.000000,0.000000,0.000000,0.000000,1.000000,0.000000,0.000000,0.000000,0.000000,1.000000,0.000000,0.000000,0.016000,0.000000,1.000000;;,
			1;16;1.000000,0.000000,0.000000,0.000000,0.000000,1.000000,0.000000,0.000000,0.000000,0.000000,1.000000,0.000000,0.000000,0.016000,0.000000,1.000000;;,
			2;16;1.000000,0.000000,0.000000,0.000000,0.000000,1.000000,0.000000,0.000000,0.000000,0.000000,1.000000,0.000000,0.000000,0.016000,0.000000,1.000000;;,
			3;16;1.000000,0.000000,0.000000,0.000000,0.000000,1.000000,0.000000,0.000000,0.000000,0.000000,1.000000,0.000000,0.000000,0.016000,0.000000,1.000000;;,
			4;16;1.000000,0.000000,0.000000,0.000000,0.000000,1.000000,0.000000,0.000000,0.000000,0.000000,1.000000,0.000000,0.000000,0.016000,0.000000,1.000000;;,
			5;16;1.000000,0.000000,0.000000,0.000000,0.000000,1.000000,0.000000,0.000000,0.000000,0.000000,1.000000,0.000000,0.000000,0.016000,0.000000,1.000000;;,
			6;16;1.000000,0.000000,0.000000,0.000000,0.000000,1.000000,0.000000,0.000000,0.000000,0.000000,1.000000,0.000000,0.000000,0.016000,0.000000,1.000000;;,
			7;16;1.000000,0.000000,0.000000,0.000000,0.000000,1.000000,0.000000,0.000000,0.000000,0.000000,1.000000,0.000000,0.000000,0.016000,0.000000,1.000000;;,
			8;16;1.000000,0.000000,0.000000,0.000000,0.000000,1.000000,0.000000,0.000000,0.000000,0.000000,1.000000,0.000000,0.000000,0.016000,0.000000,1.000000;;,
			9;16;1.000000,0.000000,0.000000,0.000000,0.000000,1.000000,0.000000,0.000000,0.000000,0.000000,1.000000,0.000000,0.000000,0.016000,0.000000,1.000000;;,
			10;16;1.000000,0.000000,0.000000,0.000000,0.000000,1.000000,0.000000,0.000000,0.000000,0.000000,1.000000,0.000000,0.000000,0.016000,0.000000,1.000000;;,
			11;16;1.000000,0.000000,0.000000,0.000000,0.000000,1.000000,0.000000,0.000000,0.000000,0.000000,1.000000,0.000000,0.000000,0.016000,0.000000,1.000000;;,
			12;16;1.000000,0.000000,0.000000,0.000000,0.000000,1.000000,0.000000,0.000000,0.000000,0.000000,1.000000,0.000000,0.000000,0.016000,0.000000,1.000000;;,
			13;16;1.000000,0.000000,0.000000,0.000000,0.000000,1.000000,0.000000,0.000000,0.000000,0.000000,1.000000,0.000000,0.000000,0.016000,0.000000,1.000000;;,
			14;16;1.000000,0.000000,0.000000,0.000000,0.000000,1.000000,0.000000,0.000000,0.000000,0.000000,1.000000,0.000000,0.000000,0.016000,0.000000,1.000000;;,
			15;16;1.000000,0.000000,0.000000,0.000000,0.000000,1.000000,0.000000,0.000000,0.000000,0.000000,1.000000,0.000000,0.000000,0.016000,0.000000,1.000000;;,
			16;16;1.000000,0.000000,0.000000,0.000000,0.000000,1.000000,0.000000,0.000000,0.000000,0.000000,1.000000,0.000000,0.000000,0.016000,0.000000,1.000000;;,
			17;16;1.000000,0.000000,0.000000,0.000000,0.000000,1.000000,0.000000,0.000000,0.000000,0.000000,1.000000,0.000000,0.000000,0.016000,0.000000,1.000000;;,
			18;16;1.000000,0.000000,0.000000,0.000000,0.000000,1.000000,0.000000,0.000000,0.000000,0.000000,1.000000,0.000000,0.000000,0.016000,0.000000,1.000000;;,
			19;16;1.000000,0.000000,0.000000,0.000000,0.000000,1.000000,0.000000,0.000000,0.000000,0.000000,1.000000,0.000000,0.000000,0.016000,0.000000,1.000000;;,
			20;16;1.000000,0.000000,0.000000,0.000000,0.000000,1.000000,0.000000,0.000000,0.000000,0.000000,1.000000,0.000000,0.000000,0.016000,0.000000,1.000000;;,
			21;16;1.000000,0.000000,0.000000,0.000000,0.000000,1.000000,0.000000,0.000000,0.000000,0.000000,1.000000,0.000000,0.000000,0.016000,0.000000,1.000000;;,
			22;16;1.000000,0.000000,0.000000,0.000000,0.000000,1.000000,0.000000,0.000000,0.000000,0.000000,1.000000,0.000000,0.000000,0.016000,0.000000,1.000000;;,
			23;16;1.000000,0.000000,0.000000,0.000000,0.000000,1.000000,0.000000,0.000000,0.000000,0.000000,1.000000,0.000000,0.000000,0.016000,0.000000,1.000000;;,
			24;16;1.000000,0.000000,0.000000,0.000000,0.000000,1.000000,0.000000,0.000000,0.000000,0.000000,1.000000,0.000000,0.000000,0.016000,0.000000,1.000000;;,
			25;16;1.000000,0.000000,0.000000,0.000000,0.000000,1.000000,0.000000,0.000000,0.000000,0.000000,1.000000,0.000000,0.000000,0.016000,0.000000,1.000000;;,
			26;16;1.000000,0.000000,0.000000,0.000000,0.000000,1.000000,0.000000,0.000000,0.000000,0.000000,1.000000,0.000000,0.000000,0.016000,0.000000,1.000000;;,
			27;16;1.000000,0.000000,0.000000,0.000000,0.000000,1.000000,0.000000,0.000000,0.000000,0.000000,1.000000,0.000000,0.000000,0.016000,0.000000,1.000000;;,
			28;16;1.000000,0.000000,0.000000,0.000000,0.000000,1.000000,0.000000,0.000000,0.000000,0.000000,1.000000,0.000000,0.000000,0.016000,0.000000,1.000000;;,
			29;16;1.000000,0.000000,0.000000,0.000000,0.000000,1.000000,0.000000,0.000000,0.000000,0.000000,1.000000,0.000000,0.000000,0.016000,0.000000,1.000000;;,
			30;16;1.000000,0.000000,0.000000,0.000000,0.000000,1.000000,0.000000,0.000000,0.000000,0.000000,1.000000,0.000000,0.000000,0.016000,0.000000,1.000000;;,
			31;16;1.000000,0.000000,0.000000,0.000000,0.000000,1.000000,0.000000,0.000000,0.000000,0.000000,1.000000,0.000000,0.000000,0.016000,0.000000,1.000000;;,
			32;16;1.000000,0.000000,0.000000,0.000000,0.000000,1.000000,0.000000,0.000000,0.000000,0.000000,1.000000,0.000000,0.000000,0.016000,0.000000,1.000000;;,
			33;16;1.000000,0.000000,0.000000,0.000000,0.000000,1.000000,0.000000,0.000000,0.000000,0.000000,1.000000,0.000000,0.000000,0.016000,0.000000,1.000000;;,
			34;16;1.000000,0.000000,0.000000,0.000000,0.000000,1.000000,0.000000,0.000000,0.000000,0.000000,1.000000,0.000000,0.000000,0.016000,0.000000,1.000000;;,
			35;16;1.000000,0.000000,0.000000,0.000000,0.000000,1.000000,0.000000,0.000000,0.000000,0.000000,1.000000,0.000000,0.000000,0.016000,0.000000,1.000000;;,
			36;16;1.000000,0.000000,0.000000,0.000000,0.000000,1.000000,0.000000,0.000000,0.000000,0.000000,1.000000,0.000000,0.000000,0.016000,0.000000,1.000000;;,
			37;16;1.000000,0.000000,0.000000,0.000000,0.000000,1.000000,0.000000,0.000000,0.000000,0.000000,1.000000,0.000000,0.000000,0.016000,0.000000,1.000000;;,
			38;16;1.000000,0.000000,0.000000,0.000000,0.000000,1.000000,0.000000,0.000000,0.000000,0.000000,1.000000,0.000000,0.000000,0.016000,0.000000,1.000000;;,
			39;16;1.000000,0.000000,0.000000,0.000000,0.000000,1.000000,0.000000,0.000000,0.000000,0.000000,1.000000,0.000000,0.000000,0.016000,0.000000,1.000000;;,
			40;16;1.000000,0.000000,0.000000,0.000000,0.000000,1.000000,0.000000,0.000000,0.000000,0.000000,1.000000,0.000000,0.000000,0.016000,0.000000,1.000000;;;
		}
	}
	Animation {
		{ Bone_003 }
		AnimationKey {
			4;
			41;
			0;16;1.000000,0.000000,-0.000000,0.000000,-0.000000,0.999724,-0.023472,0.000000,0.000000,0.023472,0.999725,0.000000,-0.000000,0.245443,-0.012219,1.000000;;,
			1;16;1.000000,0.000000,-0.000000,0.000000,-0.000000,0.999724,-0.023472,0.000000,0.000000,0.023472,0.999725,0.000000,-0.000000,0.245443,-0.012219,1.000000;;,
			2;16;1.000000,0.000000,-0.000000,0.000000,-0.000000,0.999724,-0.023472,0.000000,0.000000,0.023472,0.999725,0.000000,-0.000000,0.245443,-0.012219,1.000000;;,
			3;16;1.000000,0.000000,-0.000000,0.000000,-0.000000,0.999724,-0.023472,0.000000,0.000000,0.023472,0.999725,0.000000,-0.000000,0.245443,-0.012219,1.000000;;,
			4;16;1.000000,0.000000,-0.000000,0.000000,-0.000000,0.999724,-0.023472,0.000000,0.000000,0.023472,0.999725,0.000000,-0.000000,0.245443,-0.012219,1.000000;;,
			5;16;1.000000,0.000000,-0.000000,0.000000,-0.000000,0.999724,-0.023472,0.000000,0.000000,0.023472,0.999725,0.000000,-0.000000,0.245443,-0.012219,1.000000;;,
			6;16;1.000000,0.000000,-0.000000,0.000000,-0.000000,0.999724,-0.023472,0.000000,0.000000,0.023472,0.999725,0.000000,-0.000000,0.245443,-0.012219,1.000000;;,
			7;16;1.000000,0.000000,-0.000000,0.000000,-0.000000,0.999724,-0.023472,0.000000,0.000000,0.023472,0.999725,0.000000,-0.000000,0.245443,-0.012219,1.000000;;,
			8;16;1.000000,0.000000,-0.000000,0.000000,-0.000000,0.999724,-0.023472,0.000000,0.000000,0.023472,0.999725,0.000000,-0.000000,0.245443,-0.012219,1.000000;;,
			9;16;1.000000,0.000000,-0.000000,0.000000,-0.000000,0.999724,-0.023472,0.000000,0.000000,0.023472,0.999725,0.000000,-0.000000,0.245443,-0.012219,1.000000;;,
			10;16;1.000000,0.000000,-0.000000,0.000000,-0.000000,0.999724,-0.023472,0.000000,0.000000,0.023472,0.999725,0.000000,-0.000000,0.245443,-0.012219,1.000000;;,
			11;16;1.000000,0.000000,-0.000000,0.000000,-0.000000,0.999724,-0.023472,0.000000,0.000000,0.023472,0.999725,0.000000,-0.000000,0.245443,-0.012219,1.000000;;,
			12;16;1.000000,0.000000,-0.000000,0.000000,-0.000000,0.999724,-0.023472,0.000000,0.000000,0.023472,0.999725,0.000000,-0.000000,0.245443,-0.012219,1.000000;;,
			13;16;1.000000,0.000000,-0.000000,0.000000,-0.000000,0.999724,-0.023472,0.000000,0.000000,0.023472,0.999725,0.000000,-0.000000,0.245443,-0.012219,1.000000;;,
			14;16;1.000000,0.000000,-0.000000,0.000000,-0.000000,0.999724,-0.023472,0.000000,0.000000,0.023472,0.999725,0.000000,-0.000000,0.245443,-0.012219,1.000000;;,
			15;16;1.000000,0.000000,-0.000000,0.000000,-0.000000,0.999724,-0.023472,0.000000,0.000000,0.023472,0.999725,0.000000,-0.000000,0.245443,-0.012219,1.000000;;,
			16;16;1.000000,0.000000,-0.000000,0.000000,-0.000000,0.999724,-0.023472,0.000000,0.000000,0.023472,0.999725,0.000000,-0.000000,0.245443,-0.012219,1.000000;;,
			17;16;1.000000,0.000000,-0.000000,0.000000,-0.000000,0.999724,-0.023472,0.000000,0.000000,0.023472,0.999725,0.000000,-0.000000,0.245443,-0.012219,1.000000;;,
			18;16;1.000000,0.000000,-0.000000,0.000000,-0.000000,0.999724,-0.023472,0.000000,0.000000,0.023472,0.999725,0.000000,-0.000000,0.245443,-0.012219,1.000000;;,
			19;16;1.000000,0.000000,-0.000000,0.000000,-0.000000,0.999724,-0.023472,0.000000,0.000000,0.023472,0.999725,0.000000,-0.000000,0.245443,-0.012219,1.000000;;,
			20;16;1.000000,0.000000,-0.000000,0.000000,-0.000000,0.999724,-0.023472,0.000000,0.000000,0.023472,0.999725,0.000000,-0.000000,0.245443,-0.012219,1.000000;;,
			21;16;1.000000,0.000000,-0.000000,0.000000,-0.000000,0.999724,-0.023472,0.000000,0.000000,0.023472,0.999725,0.000000,-0.000000,0.245443,-0.012219,1.000000;;,
			22;16;1.000000,0.000000,-0.000000,0.000000,-0.000000,0.999724,-0.023472,0.000000,0.000000,0.023472,0.999725,0.000000,-0.000000,0.245443,-0.012219,1.000000;;,
			23;16;1.000000,0.000000,-0.000000,0.000000,-0.000000,0.999724,-0.023472,0.000000,0.000000,0.023472,0.999725,0.000000,-0.000000,0.245443,-0.012219,1.000000;;,
			24;16;1.000000,0.000000,-0.000000,0.000000,-0.000000,0.999724,-0.023472,0.000000,0.000000,0.023472,0.999725,0.000000,-0.000000,0.245443,-0.012219,1.000000;;,
			25;16;1.000000,0.000000,-0.000000,0.000000,-0.000000,0.999724,-0.023472,0.000000,0.000000,0.023472,0.999725,0.000000,-0.000000,0.245443,-0.012219,1.000000;;,
			26;16;1.000000,0.000000,-0.000000,0.000000,-0.000000,0.999724,-0.023472,0.000000,0.000000,0.023472,0.999725,0.000000,-0.000000,0.245443,-0.012219,1.000000;;,
			27;16;1.000000,0.000000,-0.000000,0.000000,-0.000000,0.999724,-0.023472,0.000000,0.000000,0.023472,0.999725,0.000000,-0.000000,0.245443,-0.012219,1.000000;;,
			28;16;1.000000,0.000000,-0.000000,0.000000,-0.000000,0.999724,-0.023472,0.000000,0.000000,0.023472,0.999725,0.000000,-0.000000,0.245443,-0.012219,1.000000;;,
			29;16;1.000000,0.000000,-0.000000,0.000000,-0.000000,0.999724,-0.023472,0.000000,0.000000,0.023472,0.999725,0.000000,-0.000000,0.245443,-0.012219,1.000000;;,
			30;16;1.000000,0.000000,-0.000000,0.000000,-0.000000,0.999724,-0.023472,0.000000,0.000000,0.023472,0.999725,0.000000,-0.000000,0.245443,-0.012219,1.000000;;,
			31;16;1.000000,0.000000,-0.000000,0.000000,-0.000000,0.999724,-0.023472,0.000000,0.000000,0.023472,0.999725,0.000000,-0.000000,0.245443,-0.012219,1.000000;;,
			32;16;1.000000,0.000000,-0.000000,0.000000,-0.000000,0.999724,-0.023472,0.000000,0.000000,0.023472,0.999725,0.000000,-0.000000,0.245443,-0.012219,1.000000;;,
			33;16;1.000000,0.000000,-0.000000,0.000000,-0.000000,0.999724,-0.023472,0.000000,0.000000,0.023472,0.999725,0.000000,-0.000000,0.245443,-0.012219,1.000000;;,
			34;16;1.000000,0.000000,-0.000000,0.000000,-0.000000,0.999724,-0.023472,0.000000,0.000000,0.023472,0.999725,0.000000,-0.000000,0.245443,-0.012219,1.000000;;,
			35;16;1.000000,0.000000,-0.000000,0.000000,-0.000000,0.999724,-0.023472,0.000000,0.000000,0.023472,0.999725,0.000000,-0.000000,0.245443,-0.012219,1.000000;;,
			36;16;1.000000,0.000000,-0.000000,0.000000,-0.000000,0.999724,-0.023472,0.000000,0.000000,0.023472,0.999725,0.000000,-0.000000,0.245443,-0.012219,1.000000;;,
			37;16;1.000000,0.000000,-0.000000,0.000000,-0.000000,0.999724,-0.023472,0.000000,0.000000,0.023472,0.999725,0.000000,-0.000000,0.245443,-0.012219,1.000000;;,
			38;16;1.000000,0.000000,-0.000000,0.000000,-0.000000,0.999724,-0.023472,0.000000,0.000000,0.023472,0.999725,0.000000,-0.000000,0.245443,-0.012219,1.000000;;,
			39;16;1.000000,0.000000,-0.000000,0.000000,-0.000000,0.999724,-0.023472,0.000000,0.000000,0.023472,0.999725,0.000000,-0.000000,0.245443,-0.012219,1.000000;;,
			40;16;1.000000,0.000000,-0.000000,0.000000,-0.000000,0.999724,-0.023472,0.000000,0.000000,0.023472,0.999725,0.000000,-0.000000,0.245443,-0.012219,1.000000;;;
		}
	}
	Animation {
		{ Bone_004 }
		AnimationKey {
			4;
			41;
			0;16;1.000000,0.000002,-0.000002,0.000000,-0.000003,0.983099,-0.183076,0.000000,0.000002,0.183076,0.983099,0.000000,-0.000000,0.117228,-0.000000,1.000000;;,
			1;16;1.000000,0.000002,-0.000002,0.000000,-0.000003,0.983099,-0.183076,0.000000,0.000002,0.183076,0.983099,0.000000,-0.000000,0.117228,-0.000000,1.000000;;,
			2;16;1.000000,0.000002,-0.000002,0.000000,-0.000003,0.983099,-0.183076,0.000000,0.000002,0.183076,0.983099,0.000000,-0.000000,0.117228,-0.000000,1.000000;;,
			3;16;1.000000,0.000002,-0.000002,0.000000,-0.000003,0.983099,-0.183076,0.000000,0.000002,0.183076,0.983099,0.000000,0.000000,0.117228,-0.000000,1.000000;;,
			4;16;1.000000,0.000002,-0.000002,0.000000,-0.000003,0.983099,-0.183076,0.000000,0.000002,0.183076,0.983099,0.000000,-0.000000,0.117228,0.000000,1.000000;;,
			5;16;1.000000,0.000002,-0.000002,0.000000,-0.000003,0.983099,-0.183076,0.000000,0.000002,0.183076,0.983099,0.000000,0.000000,0.117228,0.000000,1.000000;;,
			6;16;1.000000,0.000002,-0.000002,0.000000,-0.000003,0.983099,-0.183076,0.000000,0.000002,0.183076,0.983099,0.000000,-0.000000,0.117228,-0.000000,1.000000;;,
			7;16;1.000000,0.000002,-0.000002,0.000000,-0.000003,0.983099,-0.183076,0.000000,0.000002,0.183076,0.983099,0.000000,-0.000000,0.117228,-0.000000,1.000000;;,
			8;16;1.000000,0.000002,-0.000002,0.000000,-0.000003,0.983099,-0.183076,0.000000,0.000002,0.183076,0.983099,0.000000,-0.000000,0.117228,0.000000,1.000000;;,
			9;16;1.000000,0.000002,-0.000002,0.000000,-0.000003,0.983099,-0.183076,0.000000,0.000002,0.183076,0.983099,0.000000,-0.000000,0.117228,-0.000000,1.000000;;,
			10;16;1.000000,0.000002,-0.000002,0.000000,-0.000003,0.983099,-0.183076,0.000000,0.000002,0.183076,0.983099,0.000000,-0.000000,0.117228,0.000000,1.000000;;,
			11;16;1.000000,0.000002,-0.000002,0.000000,-0.000003,0.983099,-0.183076,0.000000,0.000002,0.183076,0.983099,0.000000,-0.000000,0.117228,-0.000000,1.000000;;,
			12;16;1.000000,0.000002,-0.000002,0.000000,-0.000003,0.983099,-0.183076,0.000000,0.000002,0.183076,0.983099,0.000000,-0.000000,0.117228,0.000000,1.000000;;,
			13;16;1.000000,0.000002,-0.000002,0.000000,-0.000003,0.983099,-0.183076,0.000000,0.000002,0.183076,0.983099,0.000000,-0.000000,0.117228,0.000000,1.000000;;,
			14;16;1.000000,0.000002,-0.000002,0.000000,-0.000003,0.983099,-0.183076,0.000000,0.000002,0.183076,0.983099,0.000000,0.000000,0.117228,0.000000,1.000000;;,
			15;16;1.000000,0.000002,-0.000002,0.000000,-0.000003,0.983099,-0.183076,0.000000,0.000002,0.183076,0.983099,0.000000,-0.000000,0.117228,0.000000,1.000000;;,
			16;16;1.000000,0.000002,-0.000002,0.000000,-0.000003,0.983099,-0.183076,0.000000,0.000002,0.183076,0.983099,0.000000,0.000000,0.117228,0.000000,1.000000;;,
			17;16;1.000000,0.000002,-0.000002,0.000000,-0.000003,0.983099,-0.183076,0.000000,0.000002,0.183076,0.983099,0.000000,-0.000000,0.117228,0.000000,1.000000;;,
			18;16;1.000000,0.000002,-0.000002,0.000000,-0.000003,0.983099,-0.183076,0.000000,0.000002,0.183076,0.983099,0.000000,-0.000000,0.117228,0.000000,1.000000;;,
			19;16;1.000000,0.000002,-0.000002,0.000000,-0.000003,0.983099,-0.183076,0.000000,0.000002,0.183076,0.983099,0.000000,0.000000,0.117228,0.000000,1.000000;;,
			20;16;1.000000,0.000002,-0.000002,0.000000,-0.000003,0.983099,-0.183076,0.000000,0.000002,0.183076,0.983099,0.000000,0.000000,0.117228,0.000000,1.000000;;,
			21;16;1.000000,0.000002,-0.000002,0.000000,-0.000003,0.983099,-0.183076,0.000000,0.000002,0.183076,0.983099,0.000000,-0.000000,0.117228,0.000000,1.000000;;,
			22;16;1.000000,0.000002,-0.000002,0.000000,-0.000003,0.983099,-0.183076,0.000000,0.000002,0.183076,0.983099,0.000000,0.000000,0.117228,0.000000,1.000000;;,
			23;16;1.000000,0.000002,-0.000002,0.000000,-0.000003,0.983099,-0.183076,0.000000,0.000002,0.183076,0.983099,0.000000,-0.000000,0.117228,0.000000,1.000000;;,
			24;16;1.000000,0.000002,-0.000002,0.000000,-0.000003,0.983099,-0.183076,0.000000,0.000002,0.183076,0.983099,0.000000,-0.000000,0.117228,0.000000,1.000000;;,
			25;16;1.000000,0.000002,-0.000002,0.000000,-0.000003,0.983099,-0.183076,0.000000,0.000002,0.183076,0.983099,0.000000,-0.000000,0.117228,0.000000,1.000000;;,
			26;16;1.000000,0.000002,-0.000002,0.000000,-0.000003,0.983099,-0.183076,0.000000,0.000002,0.183076,0.983099,0.000000,-0.000000,0.117228,0.000000,1.000000;;,
			27;16;1.000000,0.000002,-0.000002,0.000000,-0.000003,0.983099,-0.183076,0.000000,0.000002,0.183076,0.983099,0.000000,-0.000000,0.117228,0.000000,1.000000;;,
			28;16;1.000000,0.000002,-0.000002,0.000000,-0.000003,0.983099,-0.183076,0.000000,0.000002,0.183076,0.983099,0.000000,-0.000000,0.117228,0.000000,1.000000;;,
			29;16;1.000000,0.000002,-0.000002,0.000000,-0.000003,0.983099,-0.183076,0.000000,0.000002,0.183076,0.983099,0.000000,-0.000000,0.117228,0.000000,1.000000;;,
			30;16;1.000000,0.000002,-0.000002,0.000000,-0.000003,0.983099,-0.183076,0.000000,0.000002,0.183076,0.983099,0.000000,-0.000000,0.117228,-0.000000,1.000000;;,
			31;16;1.000000,0.000002,-0.000002,0.000000,-0.000003,0.983099,-0.183076,0.000000,0.000002,0.183076,0.983099,0.000000,0.000000,0.117228,0.000000,1.000000;;,
			32;16;1.000000,0.000002,-0.000002,0.000000,-0.000003,0.983099,-0.183076,0.000000,0.000002,0.183076,0.983099,0.000000,0.000000,0.117228,0.000000,1.000000;;,
			33;16;1.000000,0.000002,-0.000002,0.000000,-0.000003,0.983099,-0.183076,0.000000,0.000002,0.183076,0.983099,0.000000,-0.000000,0.117228,0.000000,1.000000;;,
			34;16;1.000000,0.000002,-0.000002,0.000000,-0.000003,0.983099,-0.183076,0.000000,0.000002,0.183076,0.983099,0.000000,-0.000000,0.117228,0.000000,1.000000;;,
			35;16;1.000000,0.000002,-0.000002,0.000000,-0.000003,0.983099,-0.183076,0.000000,0.000002,0.183076,0.983099,0.000000,-0.000000,0.117228,0.000000,1.000000;;,
			36;16;1.000000,0.000002,-0.000002,0.000000,-0.000003,0.983099,-0.183076,0.000000,0.000002,0.183076,0.983099,0.000000,-0.000000,0.117228,-0.000000,1.000000;;,
			37;16;1.000000,0.000002,-0.000002,0.000000,-0.000003,0.983099,-0.183076,0.000000,0.000002,0.183076,0.983099,0.000000,-0.000000,0.117228,-0.000000,1.000000;;,
			38;16;1.000000,0.000002,-0.000002,0.000000,-0.000003,0.983099,-0.183076,0.000000,0.000002,0.183076,0.983099,0.000000,0.000000,0.117228,-0.000000,1.000000;;,
			39;16;1.000000,0.000002,-0.000002,0.000000,-0.000003,0.983099,-0.183076,0.000000,0.000002,0.183076,0.983099,0.000000,-0.000000,0.117228,-0.000000,1.000000;;,
			40;16;1.000000,0.000002,-0.000002,0.000000,-0.000003,0.983099,-0.183076,0.000000,0.000002,0.183076,0.983099,0.000000,-0.000000,0.117228,-0.000000,1.000000;;;
		}
	}
	Animation {
		{ Bone_005 }
		AnimationKey {
			4;
			41;
			0;16;1.000000,-0.000003,0.000002,0.000000,0.000001,0.775485,0.631366,0.000000,-0.000003,-0.631366,0.775485,0.000000,0.000000,0.163350,0.000000,1.000000;;,
			1;16;1.000000,-0.000003,0.000002,0.000000,0.000001,0.775485,0.631366,0.000000,-0.000003,-0.631366,0.775485,0.000000,0.000000,0.163349,-0.000000,1.000000;;,
			2;16;1.000000,-0.000003,0.000002,0.000000,0.000001,0.775485,0.631366,0.000000,-0.000003,-0.631366,0.775485,0.000000,-0.000000,0.163349,-0.000000,1.000000;;,
			3;16;1.000000,-0.000003,0.000002,0.000000,0.000001,0.775485,0.631366,0.000000,-0.000003,-0.631366,0.775485,0.000000,0.000000,0.163349,-0.000000,1.000000;;,
			4;16;1.000000,-0.000003,0.000002,0.000000,0.000001,0.775485,0.631366,0.000000,-0.000003,-0.631366,0.775485,0.000000,-0.000000,0.163349,0.000000,1.000000;;,
