xof 0303txt 0032

AnimTicksPerSecond {
	30;
}
Frame Bone_000 {
	FrameTransformMatrix {
		1.000000,0.000000,0.000000,0.000000,0.000000,1.000000,0.000000,0.000000,-0.000000,0.000000,1.000000,0.000000,0.000000,0.000000,0.000000,1.000000;;
	}
	Frame Bone_001 {
		FrameTransformMatrix {
			1.000000,0.000000,0.000000,0.000000,0.000000,1.000000,0.000000,0.000000,0.000000,0.000000,1.000000,0.000000,0.000000,0.687328,0.000000,1.000000;;
		}
		Frame Bone_002 {
			FrameTransformMatrix {
				1.000000,0.000000,0.000000,0.000000,0.000000,1.000000,0.000000,0.000000,0.000000,0.000000,1.000000,0.000000,0.000000,0.016000,0.000000,1.000000;;
			}
			Frame Bone_003 {
				FrameTransformMatrix {
					1.000000,0.000000,-0.000000,0.000000,-0.000000,0.999724,-0.023472,0.000000,0.000000,0.023472,0.999725,0.000000,-0.000000,0.245443,-0.012219,1.000000;;
				}
				Frame Bone_004 {
					FrameTransformMatrix {
						1.000000,0.000002,-0.000002,0.000000,-0.000003,0.983099,-0.183076,0.000000,0.000002,0.183076,0.983099,0.000000,-0.000000,0.117228,-0.000000,1.000000;;
					}
					Frame Bone_005 {
						FrameTransformMatrix {
							1.000000,-0.000003,0.000002,0.000000,0.000001,0.775485,0.631366,0.000000,-0.000003,-0.631366,0.775485,0.000000,-0.000000,0.163349,0.000000,1.000000;;
						}
						Frame Bone_006 {
							FrameTransformMatrix {
								1.000000,0.000000,-0.000000,0.000000,-0.000000,0.888961,-0.457982,0.000000,0.000000,0.457982,0.888961,0.000000,0.000000,0.038001,0.000000,1.000000;;
							}
							Frame Bone_007 {
								FrameTransformMatrix {
									-1.000000,0.000000,0.000000,0.000000,0.000000,0.000000,1.000000,0.000000,0.000000,1.000000,0.000000,0.000000,0.000000,0.329999,0.027470,1.000000;;
								}
								Frame Bone_008 {
									FrameTransformMatrix {
										-1.000000,-0.000000,0.000000,0.000000,0.000000,0.000000,1.000000,0.000000,-0.000000,1.000000,-0.000000,0.000000,-0.000000,0.095920,0.000000,1.000000;;
									}
								}
								Frame Bone_009 {
									FrameTransformMatrix {
										0.004140,0.266022,0.963958,0.000000,-0.266022,0.929524,-0.255377,0.000000,-0.963958,-0.255377,0.074616,0.000000,-0.000000,0.000000,0.000000,1.000000;;
									}
								}
								Frame Bone_010 {
									FrameTransformMatrix {
										0.004140,-0.266022,-0.963958,0.000000,0.266022,0.929524,-0.255377,0.000000,0.963958,-0.255377,0.074616,0.000000,-0.000000,0.000000,0.000000,1.000000;;
									}
								}
							}
							Frame Bone_011 {
								FrameTransformMatrix {
									-0.004140,0.963958,0.266023,0.000000,0.266022,-0.255377,0.929524,0.000000,0.963958,0.074616,-0.255377,0.000000,0.023335,0.087950,-0.005380,1.000000;;
								}
								Frame Bone_012 {
									FrameTransformMatrix {
										-0.004140,0.266022,0.963958,0.000000,0.963958,-0.255377,0.074616,0.000000,0.266022,0.929524,-0.255377,0.000000,0.000000,0.064818,0.000000,1.000000;;
									}
								}
							}
							Frame Bone_013 {
								FrameTransformMatrix {
									-0.004140,-0.963958,-0.266023,0.000000,-0.266022,-0.255377,0.929524,0.000000,-0.963958,0.074616,-0.255377,0.000000,-0.023333,0.087950,-0.005380,1.000000;;
								}
								Frame Bone_014 {
									FrameTransformMatrix {
										-0.004140,-0.266022,-0.963958,0.000000,-0.963958,-0.255377,0.074616,0.000000,-0.266023,0.929524,-0.255377,0.000000,0.000000,0.064818,0.000000,1.000000;;
									}
								}
							}
							Frame Bone_015 {
								FrameTransformMatrix {
									0.986055,0.118757,0.116505,0.000000,0.116502,-0.992849,0.026028,0.000000,0.118760,-0.012093,-0.992849,0.000000,0.123326,0.135937,-0.036522,1.000000;;
								}
								Frame Bone_016 {
									FrameTransformMatrix {
										0.995176,0.070441,0.068287,0.000000,-0.075129,0.994804,0.068701,0.000000,-0.063093,-0.073500,0.995297,0.000000,0.000000,0.041398,0.000000,1.000000;;
									}
									Frame Bone_017 {
										FrameTransformMatrix {
											0.999508,0.024347,0.019785,0.000000,-0.026668,0.991536,0.127062,0.000000,-0.016524,-0.127527,0.991697,0.000000,-0.000000,0.050252,0.000000,1.000000;;
										}
										Frame Bone_018 {
											FrameTransformMatrix {
												0.987007,-0.122488,-0.103994,0.000000,0.123922,0.992264,0.007420,0.000000,0.102280,-0.020210,0.994550,0.000000,-0.000000,0.050733,0.000000,1.000000;;
											}
											Frame Bone_019 {
												FrameTransformMatrix {
													0.943149,-0.247121,-0.222264,0.000000,0.259111,0.965497,0.026031,0.000000,0.208162,-0.082142,0.974639,0.000000,-0.000000,0.049653,0.000000,1.000000;;
												}
												Frame Bone_020 {
													FrameTransformMatrix {
														0.997340,0.060080,0.041267,0.000000,-0.060799,0.998015,0.016401,0.000000,-0.040200,-0.018866,0.999014,0.000000,-0.000000,0.056738,0.000000,1.000000;;
													}
													Frame Bone_021 {
														FrameTransformMatrix {
															0.893821,0.356884,0.271511,0.000000,0.271508,-0.912587,0.305726,0.000000,0.356886,-0.199546,-0.912586,0.000000,0.000000,0.054415,-0.000000,1.000000;;
														}
													}
													Frame Bone_022 {
														FrameTransformMatrix {
															0.910308,-0.182751,-0.371406,0.000000,0.324126,0.872775,0.364974,0.000000,0.257454,-0.452621,0.853728,0.000000,-0.013483,0.018110,-0.015182,1.000000;;
														}
													}
												}
												Frame Bone_023 {
													FrameTransformMatrix {
														0.751505,0.541482,-0.376879,0.000000,0.640150,-0.460372,0.615033,0.000000,0.159525,-0.703459,-0.692601,0.000000,-0.074841,0.110560,-0.071904,1.000000;;
													}
												}
											}
											Frame Bone_024 {
												FrameTransformMatrix {
													0.958975,0.262114,-0.107991,0.000000,0.282223,-0.846760,0.450940,0.000000,0.026755,-0.462918,-0.885997,0.000000,-0.039067,0.166867,-0.062422,1.000000;;
												}
											}
										}
										Frame Bone_025 {
											FrameTransformMatrix {
												0.998526,0.051271,-0.017820,0.000000,0.054109,-0.914217,0.401597,0.000000,0.004299,-0.401969,-0.915644,0.000000,-0.009202,0.206216,-0.068301,1.000000;;
											}
										}
									}
									Frame Bone_026 {
										FrameTransformMatrix {
											0.994216,0.105650,-0.019094,0.000000,0.107191,-0.986872,0.120799,0.000000,-0.006090,-0.122149,-0.992488,0.000000,-0.020014,0.234519,-0.022555,1.000000;;
										}
									}
								}
								Frame Bone_027 {
									FrameTransformMatrix {
										0.963861,0.265121,-0.026234,0.000000,0.264433,-0.964028,-0.026925,0.000000,-0.032429,0.019015,-0.999293,0.000000,-0.043671,0.200607,0.004447,1.000000;;
									}
								}
							}
							Frame Bone_028 {
								FrameTransformMatrix {
									0.807771,0.445195,0.386404,0.000000,0.386404,-0.894896,0.223280,0.000000,0.445195,-0.031051,-0.894895,0.000000,0.113913,0.133989,-0.024715,1.000000;;
								}
								Frame Bone_029 {
									FrameTransformMatrix {
										0.994249,-0.088869,-0.059761,0.000000,0.084200,0.993503,-0.076569,0.000000,0.066178,0.071097,0.995272,0.000000,-0.000000,0.039565,-0.000000,1.000000;;
									}
									Frame Bone_030 {
										FrameTransformMatrix {
											0.742181,0.417819,0.524017,0.000000,0.524018,-0.849218,-0.065067,0.000000,0.417819,0.322886,-0.849218,0.000000,0.000000,0.043225,-0.000000,1.000000;;
										}
									}
									Frame Bone_031 {
										FrameTransformMatrix {
											0.625193,-0.404574,-0.667424,0.000000,0.495167,0.866620,-0.061485,0.000000,0.603278,-0.292046,0.742136,0.000000,-0.019235,0.009560,0.002388,1.000000;;
										}
									}
								}
								Frame Bone_032 {
									FrameTransformMatrix {
										0.418790,0.888380,-0.188141,0.000000,0.897579,-0.436385,-0.062605,0.000000,-0.137718,-0.142653,-0.980145,0.000000,-0.073561,0.075329,0.005131,1.000000;;
									}
								}
							}
							Frame Bone_033 {
								FrameTransformMatrix {
									0.776116,0.287519,0.561228,0.000000,0.561228,-0.720747,-0.406874,0.000000,0.287519,0.630758,-0.720747,0.000000,0.116950,0.136064,-0.047285,1.000000;;
								}
								Frame Bone_034 {
									FrameTransformMatrix {
										0.999793,-0.012707,-0.015915,0.000000,0.013069,0.999653,0.022870,0.000000,0.015618,-0.023073,0.999612,0.000000,-0.000000,0.036222,0.000000,1.000000;;
									}
									Frame Bone_035 {
										FrameTransformMatrix {
											0.764247,0.577752,0.286580,0.000000,0.286580,-0.702314,0.651634,0.000000,0.577753,-0.415882,-0.702314,0.000000,0.000000,0.034539,0.000000,1.000000;;
										}
									}
									Frame Bone_036 {
										FrameTransformMatrix {
											0.961928,-0.072522,-0.263507,0.000000,0.179056,0.895641,0.407143,0.000000,0.206481,-0.438825,0.874528,0.000000,-0.006952,-0.000233,-0.015807,1.000000;;
										}
									}
								}
								Frame Bone_037 {
									FrameTransformMatrix {
										0.845096,0.299350,-0.442947,0.000000,0.408531,0.172826,0.896233,0.000000,0.344840,-0.938360,0.023761,0.000000,-0.035029,0.021403,-0.076847,1.000000;;
									}
								}
							}
							Frame Bone_038 {
								FrameTransformMatrix {
									0.986076,-0.118770,-0.116505,0.000000,-0.116509,-0.992849,0.026029,0.000000,-0.118767,-0.012092,-0.992849,0.000000,-0.123325,0.135940,-0.036522,1.000000;;
								}
								Frame Bone_039 {
									FrameTransformMatrix {
										0.995173,-0.070458,-0.068307,0.000000,0.075146,0.994804,0.068692,0.000000,0.063113,-0.073494,0.995297,0.000000,0.000000,0.041396,0.000000,1.000000;;
									}
									Frame Bone_040 {
										FrameTransformMatrix {
											0.999520,0.017553,0.025541,0.000000,-0.020708,0.991427,0.129014,0.000000,-0.023058,-0.129481,0.991314,0.000000,-0.000000,0.050259,0.000000,1.000000;;
										}
										Frame Bone_041 {
											FrameTransformMatrix {
												0.984044,0.128778,0.122777,0.000000,-0.138903,0.987246,0.077789,0.000000,-0.111193,-0.093602,0.989381,0.000000,-0.000000,0.050855,-0.000000,1.000000;;
											}
											Frame Bone_042 {
												FrameTransformMatrix {
													0.993487,0.088181,0.072162,0.000000,-0.089630,0.995828,0.017088,0.000000,-0.070354,-0.023444,0.997247,0.000000,-0.000000,0.051025,-0.000000,1.000000;;
												}
												Frame Bone_043 {
													FrameTransformMatrix {
														0.996897,0.068078,0.039523,0.000000,-0.066536,0.997017,-0.039105,0.000000,-0.042067,0.036354,0.998453,0.000000,0.000000,0.055414,0.000000,1.000000;;
													}
													Frame Bone_044 {
														FrameTransformMatrix {
															0.891252,-0.358241,-0.278087,0.000000,-0.278091,-0.916089,0.288871,0.000000,-0.358238,-0.180124,-0.916090,0.000000,0.000000,0.054209,-0.000000,1.000000;;
														}
													}
													Frame Bone_045 {
														FrameTransformMatrix {
															0.902388,0.193755,0.384908,0.000000,-0.336971,0.874030,0.350033,0.000000,-0.268600,-0.445568,0.854004,0.000000,0.013810,0.018388,-0.014345,1.000000;;
														}
													}
												}
												Frame Bone_046 {
													FrameTransformMatrix {
														0.865551,-0.411420,0.285579,0.000000,-0.487513,-0.561571,0.668558,0.000000,-0.114686,-0.717894,-0.686641,0.000000,0.054451,0.118137,-0.074672,1.000000;;
													}
												}
											}
											Frame Bone_047 {
												FrameTransformMatrix {
													0.931635,-0.321569,0.169260,0.000000,-0.356255,-0.716331,0.599960,0.000000,-0.071682,-0.619244,-0.781920,0.000000,0.051717,0.155014,-0.087096,1.000000;;
												}
											}
										}
										Frame Bone_048 {
											FrameTransformMatrix {
												0.989847,-0.134029,0.047310,0.000000,-0.141620,-0.901749,0.408402,0.000000,-0.012076,-0.410956,-0.911575,0.000000,0.024183,0.204840,-0.069740,1.000000;;
											}
										}
									}
									Frame Bone_049 {
										FrameTransformMatrix {
											0.994224,-0.105623,0.019104,0.000000,-0.107163,-0.986878,0.120779,0.000000,0.006094,-0.122129,-0.992497,0.000000,0.020012,0.234551,-0.022555,1.000000;;
										}
									}
								}
								Frame Bone_050 {
									FrameTransformMatrix {
										0.963855,-0.265130,0.026233,0.000000,-0.264444,-0.964025,-0.026926,0.000000,0.032428,0.019015,-0.999293,0.000000,0.043670,0.200595,0.004446,1.000000;;
									}
								}
							}
							Frame Bone_051 {
								FrameTransformMatrix {
									0.776060,-0.287512,-0.561309,0.000000,-0.561309,-0.720654,-0.406928,0.000000,-0.287512,0.630868,-0.720654,0.000000,-0.116950,0.136060,-0.047285,1.000000;;
								}
								Frame Bone_052 {
									FrameTransformMatrix {
										0.999795,0.012633,0.015804,0.000000,-0.012990,0.999658,0.022696,0.000000,-0.015511,-0.022897,0.999618,0.000000,-0.000000,0.036217,-0.000000,1.000000;;
									}
									Frame Bone_053 {
										FrameTransformMatrix {
											0.764267,-0.577723,-0.286588,0.000000,-0.286588,-0.702354,0.651587,0.000000,-0.577724,-0.415854,-0.702354,0.000000,-0.000000,0.034541,-0.000000,1.000000;;
										}
									}
									Frame Bone_054 {
										FrameTransformMatrix {
											0.961921,0.072535,0.263527,0.000000,-0.179080,0.895631,0.407154,0.000000,-0.206490,-0.438843,0.874516,0.000000,0.006953,-0.000231,-0.015808,1.000000;;
										}
									}
								}
								Frame Bone_055 {
									FrameTransformMatrix {
										0.845121,-0.299268,0.442955,0.000000,-0.408444,0.173093,0.896221,0.000000,-0.344883,-0.938338,0.024050,0.000000,0.035019,0.021377,-0.076839,1.000000;;
									}
								}
							}
							Frame Bone_056 {
								FrameTransformMatrix {
									0.807785,-0.445177,-0.386394,0.000000,-0.386394,-0.894904,0.223264,0.000000,-0.445178,-0.031049,-0.894904,0.000000,-0.113912,0.133990,-0.024715,1.000000;;
								}
								Frame Bone_057 {
									FrameTransformMatrix {
										0.994233,0.088978,0.059868,0.000000,-0.084300,0.993492,-0.076597,0.000000,-0.066294,0.071108,0.995263,0.000000,0.000000,0.039569,0.000000,1.000000;;
									}
									Frame Bone_058 {
										FrameTransformMatrix {
											0.742094,-0.417876,-0.524096,0.000000,-0.524096,-0.849174,-0.065024,0.000000,-0.417876,0.322930,-0.849173,0.000000,0.000000,0.043218,-0.000000,1.000000;;
										}
									}
									Frame Bone_059 {
										FrameTransformMatrix {
											0.625175,0.404530,0.667466,0.000000,-0.495171,0.866621,-0.061435,0.000000,-0.603293,-0.292102,0.742102,0.000000,0.019234,0.009556,0.002386,1.000000;;
										}
									}
								}
								Frame Bone_060 {
									FrameTransformMatrix {
										0.418829,-0.888362,0.188137,0.000000,-0.897561,-0.436424,-0.062600,0.000000,0.137719,-0.142645,-0.980146,0.000000,0.073564,0.075338,0.005131,1.000000;;
									}
								}
							}
							Frame Bone_061 {
								FrameTransformMatrix {
									0.979707,0.136893,0.146369,0.000000,0.146373,-0.987642,-0.056026,0.000000,0.136894,0.076315,-0.987641,0.000000,0.039307,0.163933,0.082154,1.000000;;
								}
								Frame Bone_062 {
									FrameTransformMatrix {
										0.973353,0.167068,0.157074,0.000000,-0.173336,0.984493,0.026996,0.000000,-0.150128,-0.053504,0.987218,0.000000,0.000000,0.050357,-0.000000,1.000000;;
									}
									Frame Bone_063 {
										FrameTransformMatrix {
											0.999564,-0.022019,-0.019755,0.000000,-0.019769,-0.993995,0.107629,0.000000,-0.022020,-0.107191,-0.994030,0.000000,-0.000000,0.049517,0.000000,1.000000;;
										}
									}
								}
							}
							Frame Bone_064 {
								FrameTransformMatrix {
									0.968359,0.162175,0.189688,0.000000,0.189687,-0.972219,-0.137148,0.000000,0.162175,0.168790,-0.972219,0.000000,0.075187,0.163933,0.050075,1.000000;;
								}
								Frame Bone_065 {
									FrameTransformMatrix {
										0.976859,0.161527,0.140196,0.000000,-0.148789,0.984091,-0.097088,0.000000,-0.153648,0.073982,0.985352,0.000000,-0.000000,0.043075,-0.000000,1.000000;;
									}
									Frame Bone_066 {
										FrameTransformMatrix {
											0.884828,0.330427,0.328477,0.000000,-0.352097,0.935938,0.006959,0.000000,-0.305135,-0.121813,0.944486,0.000000,0.000000,0.039942,-0.000000,1.000000;;
										}
										Frame Bone_067 {
											FrameTransformMatrix {
												0.901329,-0.326561,-0.284542,0.000000,-0.284543,-0.941718,0.179454,0.000000,-0.326561,-0.080782,-0.941718,0.000000,-0.000000,0.041520,-0.000000,1.000000;;
											}
										}
									}
								}
							}
							Frame Bone_068 {
								FrameTransformMatrix {
									1.000000,0.000000,0.000000,0.000000,0.000000,-0.998584,0.053194,0.000000,0.000000,-0.053194,-0.998586,0.000000,0.000001,0.163933,0.093848,1.000000;;
								}
								Frame Bone_069 {
									FrameTransformMatrix {
										1.000000,0.000000,0.000000,0.000000,-0.000000,0.935012,0.354617,0.000000,-0.000000,-0.354617,0.935012,0.000000,0.000000,0.049805,-0.000000,1.000000;;
									}
									Frame Bone_070 {
										FrameTransformMatrix {
											1.000000,-0.000000,-0.000000,0.000000,-0.000000,-0.952551,0.304378,0.000000,-0.000000,-0.304378,-0.952550,0.000000,0.000000,0.051674,0.000000,1.000000;;
										}
									}
								}
							}
							Frame Bone_071 {
								FrameTransformMatrix {
									0.979713,-0.136905,-0.146389,0.000000,-0.146384,-0.987640,-0.056031,0.000000,-0.136904,0.076322,-0.987640,0.000000,-0.039307,0.163930,0.082154,1.000000;;
								}
								Frame Bone_072 {
									FrameTransformMatrix {
										0.973350,-0.167076,-0.157081,0.000000,0.173343,0.984492,0.026986,0.000000,0.150137,-0.053496,0.987217,0.000000,0.000000,0.050352,-0.000000,1.000000;;
									}
									Frame Bone_073 {
										FrameTransformMatrix {
											0.999564,0.022017,0.019755,0.000000,0.019767,-0.993995,0.107628,0.000000,0.022019,-0.107190,-0.994029,0.000000,-0.000000,0.049517,-0.000000,1.000000;;
										}
									}
								}
							}
							Frame Bone_074 {
								FrameTransformMatrix {
									0.968349,-0.162199,-0.189725,0.000000,-0.189721,-0.972209,-0.137172,0.000000,-0.162199,0.168824,-0.972210,0.000000,-0.075186,0.163930,0.050075,1.000000;;
								}
								Frame Bone_075 {
									FrameTransformMatrix {
										0.976849,-0.161565,-0.140226,0.000000,0.148818,0.984082,-0.097135,0.000000,0.153687,0.074018,0.985343,0.000000,0.000000,0.043067,-0.000000,1.000000;;
									}
									Frame Bone_076 {
										FrameTransformMatrix {
											0.884832,-0.330418,-0.328476,0.000000,0.352091,0.935940,0.006970,0.000000,0.305131,-0.121820,0.944487,0.000000,0.000000,0.039949,-0.000000,1.000000;;
										}
										Frame Bone_077 {
											FrameTransformMatrix {
												0.901330,0.326561,0.284541,0.000000,0.284542,-0.941718,0.179452,0.000000,0.326560,-0.080781,-0.941718,0.000000,0.000000,0.041520,-0.000000,1.000000;;
											}
										}
									}
								}
							}
							Frame Bone_078 {
								FrameTransformMatrix {
									0.933413,0.247863,0.259431,0.000000,0.259431,-0.965702,-0.010772,0.000000,0.247863,0.077359,-0.965702,0.000000,0.076979,0.080771,0.006889,1.000000;;
								}
								Frame Bone_079 {
									FrameTransformMatrix {
										0.919815,0.284583,0.270098,0.000000,-0.264429,0.958215,-0.109094,0.000000,-0.289858,0.028924,0.956632,0.000000,-0.000000,0.032556,0.000000,1.000000;;
									}
									Frame Bone_080 {
										FrameTransformMatrix {
											0.962733,0.190062,0.192410,0.000000,-0.187695,0.981750,-0.030625,0.000000,-0.194719,-0.006630,0.980837,0.000000,0.000000,0.031460,0.000000,1.000000;;
										}
										Frame Bone_081 {
											FrameTransformMatrix {
												0.789213,0.448665,0.419335,0.000000,-0.416981,0.892789,-0.170451,0.000000,-0.450853,-0.040333,0.891686,0.000000,-0.000000,0.033521,0.000000,1.000000;;
											}
											Frame Bone_082 {
												FrameTransformMatrix {
													0.564445,-0.548521,-0.616869,0.000000,-0.616869,-0.776860,0.126340,0.000000,-0.548521,0.309215,-0.776860,0.000000,0.000000,0.035128,0.000000,1.000000;;
												}
											}
											Frame Bone_083 {
												FrameTransformMatrix {
													0.681458,0.290745,0.671626,0.000000,-0.469243,0.877824,0.096105,0.000000,-0.561628,-0.380648,0.734630,0.000000,0.016834,0.003636,-0.003448,1.000000;;
												}
											}
										}
										Frame Bone_084 {
											FrameTransformMatrix {
												0.841910,-0.528567,0.108643,0.000000,-0.528401,-0.848365,-0.032691,0.000000,0.109448,-0.029884,-0.993543,0.000000,0.033550,0.087386,0.002076,1.000000;;
											}
										}
									}
									Frame Bone_085 {
										FrameTransformMatrix {
											0.998059,-0.061912,0.007668,0.000000,-0.061331,-0.996256,-0.060938,0.000000,0.011426,0.060348,-0.998119,0.000000,0.005255,0.116829,0.005222,1.000000;;
										}
									}
								}
								Frame Bone_086 {
									FrameTransformMatrix {
										0.842558,0.524773,-0.121286,0.000000,0.538474,-0.825713,0.168060,0.000000,-0.011954,-0.206909,-0.978287,0.000000,-0.059454,0.123724,-0.018556,1.000000;;
									}
								}
							}
							Frame Bone_087 {
								FrameTransformMatrix {
									0.933422,-0.247862,-0.259428,0.000000,-0.259426,-0.965704,-0.010772,0.000000,-0.247858,0.077356,-0.965703,0.000000,-0.076979,0.080770,0.006889,1.000000;;
								}
								Frame Bone_088 {
									FrameTransformMatrix {
										0.919818,-0.284577,-0.270094,0.000000,0.264423,0.958217,-0.109092,0.000000,0.289854,0.028925,0.956634,0.000000,-0.000000,0.032557,-0.000000,1.000000;;
									}
									Frame Bone_089 {
										FrameTransformMatrix {
											0.962714,-0.190110,-0.192458,0.000000,0.187742,0.981740,-0.030639,0.000000,0.194768,-0.006636,0.980827,0.000000,0.000000,0.031461,-0.000000,1.000000;;
										}
										Frame Bone_090 {
											FrameTransformMatrix {
												0.789260,-0.448621,-0.419294,0.000000,0.416942,0.892812,-0.170426,0.000000,0.450808,-0.040311,0.891710,0.000000,0.000000,0.033514,-0.000000,1.000000;;
											}
											Frame Bone_091 {
												FrameTransformMatrix {
													0.564447,0.548517,0.616870,0.000000,0.616867,-0.776861,0.126337,0.000000,0.548520,0.309217,-0.776859,0.000000,-0.000000,0.035128,-0.000000,1.000000;;
												}
											}
											Frame Bone_092 {
												FrameTransformMatrix {
													0.681457,-0.290747,-0.671627,0.000000,0.469244,0.877823,0.096103,0.000000,0.561628,-0.380647,0.734630,0.000000,-0.016834,0.003636,-0.003448,1.000000;;
												}
											}
										}
										Frame Bone_093 {
											FrameTransformMatrix {
												0.841844,0.528670,-0.108669,0.000000,0.528507,-0.848301,-0.032673,0.000000,-0.109457,-0.029927,-0.993541,0.000000,-0.033549,0.087363,0.002074,1.000000;;
											}
										}
									}
									Frame Bone_094 {
										FrameTransformMatrix {
											0.998059,0.061914,-0.007670,0.000000,0.061333,-0.996255,-0.060939,0.000000,-0.011428,0.060349,-0.998119,0.000000,-0.005256,0.116834,0.005222,1.000000;;
										}
									}
								}
								Frame Bone_095 {
									FrameTransformMatrix {
										0.842565,-0.524761,0.121282,0.000000,-0.538461,-0.825721,0.168055,0.000000,0.011957,-0.206903,-0.978288,0.000000,0.059455,0.123729,-0.018556,1.000000;;
									}
								}
							}
							Frame Bone_096 {
								FrameTransformMatrix {
									1.000000,0.000000,-0.000000,0.000000,-0.000000,1.000000,0.000000,0.000000,0.000000,0.000000,1.000000,0.000000,-0.000000,0.141760,-0.003840,1.000000;;
								}
								Frame Bone_097 {
									FrameTransformMatrix {
										0.870598,0.291783,-0.396133,0.000000,-0.396133,0.893226,-0.212667,0.000000,0.291783,0.342069,0.893225,0.000000,0.030458,0.046290,0.095402,1.000000;;
									}
									Frame Bone_098 {
										FrameTransformMatrix {
											0.999584,0.028492,-0.004464,0.000000,-0.028243,0.998434,0.048279,0.000000,0.005832,-0.048132,0.998824,0.000000,0.000000,0.062119,0.000000,1.000000;;
										}
										Frame Bone_099 {
											FrameTransformMatrix {
												0.857647,-0.406014,0.315584,0.000000,0.315584,0.900101,0.300375,0.000000,-0.406014,-0.158022,0.900101,0.000000,0.000000,0.066105,0.000000,1.000000;;
											}
										}
									}
								}
								Frame Bone_100 {
									FrameTransformMatrix {
										0.999517,0.027544,-0.014362,0.000000,-0.014362,0.819712,0.572596,0.000000,0.027544,-0.572114,0.819712,0.000000,-0.066250,0.078462,-0.081303,1.000000;;
									}
									Frame Bone_101 {
										FrameTransformMatrix {
											0.991862,0.058958,-0.112842,0.000000,-0.058804,0.998259,0.004689,0.000000,0.112922,0.001985,0.993602,0.000000,0.000000,0.050121,-0.000000,1.000000;;
										}
										Frame Bone_102 {
											FrameTransformMatrix {
												0.987429,-0.072984,0.140207,0.000000,0.140207,0.813982,-0.563716,0.000000,-0.072984,0.576287,0.813982,0.000000,-0.000000,0.058537,0.000000,1.000000;;
											}
										}
									}
								}
								Frame Bone_103 {
									FrameTransformMatrix {
										0.767161,-0.178953,0.615986,0.000000,0.615986,0.473429,-0.629624,0.000000,-0.178953,0.862462,0.473429,0.000000,0.131513,-0.014721,-0.104438,1.000000;;
									}
									Frame Bone_104 {
										FrameTransformMatrix {
											0.869401,0.096022,0.484688,0.000000,0.416239,0.386242,-0.823141,0.000000,-0.266247,0.917386,0.295832,0.000000,0.000000,0.057589,-0.000000,1.000000;;
										}
										Frame Bone_105 {
											FrameTransformMatrix {
												0.925212,0.258908,0.277397,0.000000,-0.083168,0.851641,-0.517485,0.000000,-0.370224,0.455713,0.809481,0.000000,-0.000000,0.056281,0.000000,1.000000;;
											}
											Frame Bone_106 {
												FrameTransformMatrix {
													0.949890,0.227317,0.214558,0.000000,-0.198188,0.968777,-0.148971,0.000000,-0.241723,0.098983,0.965284,0.000000,-0.000000,0.040178,-0.000000,1.000000;;
												}
												Frame Bone_107 {
													FrameTransformMatrix {
														0.983878,0.128028,0.124870,0.000000,-0.131938,0.990979,0.023531,0.000000,-0.120731,-0.039627,0.991894,0.000000,-0.000000,0.041868,-0.000000,1.000000;;
													}
													Frame Bone_108 {
														FrameTransformMatrix {
															0.994545,0.077543,0.069768,0.000000,-0.070971,0.993209,-0.092192,0.000000,-0.076443,0.086737,0.993294,0.000000,0.000000,0.039237,-0.000000,1.000000;;
														}
														Frame Bone_109 {
															FrameTransformMatrix {
																0.999845,0.012973,0.011884,0.000000,-0.012645,0.999547,-0.027310,0.000000,-0.012233,0.027155,0.999556,0.000000,-0.000000,0.044539,-0.000000,1.000000;;
															}
															Frame Bone_110 {
																FrameTransformMatrix {
																	0.996621,-0.056150,-0.060075,0.000000,-0.060059,-0.996050,-0.065404,0.000000,-0.056150,0.068790,-0.996058,0.000000,0.000000,0.047656,-0.000000,1.000000;;
																}
															}
															Frame Bone_111 {
																FrameTransformMatrix {
																	0.984381,0.131029,0.117580,0.000000,-0.116040,0.985173,-0.126368,0.000000,-0.132394,0.110750,0.984991,0.000000,0.002851,0.023452,0.003105,1.000000;;
																}
															}
														}
														Frame Bone_112 {
															FrameTransformMatrix {
																0.992492,-0.120728,0.019695,0.000000,-0.118236,-0.988083,-0.098551,0.000000,0.031362,0.095481,-0.994939,0.000000,0.009679,0.125427,0.008068,1.000000;;
															}
														}
													}
													Frame Bone_113 {
														FrameTransformMatrix {
															0.997889,0.063514,-0.013755,0.000000,0.064697,-0.990864,0.118336,0.000000,-0.006104,-0.118975,-0.992887,0.000000,-0.006920,0.145222,-0.012658,1.000000;;
														}
													}
												}
												Frame Bone_114 {
													FrameTransformMatrix {
														0.938394,0.340766,-0.057399,0.000000,0.344177,-0.936520,0.066887,0.000000,-0.030962,-0.082521,-0.996108,0.000000,-0.048166,0.172930,-0.009361,1.000000;;
													}
												}
											}
											Frame Bone_115 {
												FrameTransformMatrix {
													0.738727,0.627340,-0.246429,0.000000,0.665279,-0.620034,0.415887,0.000000,0.108108,-0.471171,-0.875392,0.000000,-0.103754,0.136876,-0.064860,1.000000;;
												}
											}
										}
									}
								}
								Frame Bone_116 {
									FrameTransformMatrix {
										0.635721,-0.359869,0.682901,0.000000,0.682900,0.674634,-0.280208,0.000000,-0.359870,0.644487,0.674634,0.000000,0.130268,-0.012549,-0.097419,1.000000;;
									}
									Frame Bone_117 {
										FrameTransformMatrix {
											0.763485,0.303899,0.569856,0.000000,0.478181,0.327074,-0.815086,0.000000,-0.434089,0.894800,0.104397,0.000000,-0.000000,0.067442,-0.000000,1.000000;;
										}
										Frame Bone_118 {
											FrameTransformMatrix {
												0.829154,0.449555,0.332272,0.000000,-0.196079,0.790500,-0.580227,0.000000,-0.523504,0.415945,0.743595,0.000000,0.000000,0.065957,0.000000,1.000000;;
											}
											Frame Bone_119 {
												FrameTransformMatrix {
													0.989778,0.104652,0.096894,0.000000,-0.099571,0.993460,-0.055884,0.000000,-0.102108,0.045665,0.993725,0.000000,0.000000,0.057602,-0.000000,1.000000;;
												}
												Frame Bone_120 {
													FrameTransformMatrix {
														0.976220,0.160784,0.145409,0.000000,-0.148106,0.984471,-0.094239,0.000000,-0.158303,0.070462,0.984873,0.000000,-0.000000,0.053263,-0.000000,1.000000;;
													}
													Frame Bone_121 {
														FrameTransformMatrix {
															0.995637,0.068728,0.063108,0.000000,-0.069877,0.997424,0.016176,0.000000,-0.061834,-0.020515,0.997876,0.000000,0.000000,0.052061,-0.000000,1.000000;;
														}
														Frame Bone_122 {
															FrameTransformMatrix {
																0.994951,0.074690,0.067028,0.000000,-0.072261,0.996663,-0.037962,0.000000,-0.069639,0.032927,0.997029,0.000000,0.000000,0.051276,0.000000,1.000000;;
															}
															Frame Bone_123 {
																FrameTransformMatrix {
																	0.999034,-0.031958,-0.030184,0.000000,-0.030188,-0.997896,0.057378,0.000000,-0.031958,-0.056411,-0.997900,0.000000,0.000000,0.052887,-0.000000,1.000000;;
																}
															}
															Frame Bone_124 {
																FrameTransformMatrix {
																	0.996826,0.052790,0.059593,0.000000,-0.059261,0.991868,0.112636,0.000000,-0.053162,-0.115810,0.991848,0.000000,0.001593,0.026221,-0.003028,1.000000;;
																}
															}
														}
														Frame Bone_125 {
															FrameTransformMatrix {
																0.995366,0.091021,-0.031016,0.000000,0.095765,-0.967495,0.234059,0.000000,-0.008701,-0.235944,-0.971730,0.000000,-0.009065,0.142862,-0.022157,1.000000;;
															}
														}
													}
													Frame Bone_126 {
														FrameTransformMatrix {
															0.971418,0.230071,-0.058404,0.000000,0.236999,-0.953820,0.184551,0.000000,-0.013249,-0.193119,-0.981085,0.000000,-0.033829,0.188210,-0.026343,1.000000;;
														}
													}
												}
												Frame Bone_127 {
													FrameTransformMatrix {
														0.865583,0.470006,-0.172804,0.000000,0.497920,-0.771054,0.396928,0.000000,0.053317,-0.429616,-0.901437,0.000000,-0.090594,0.193551,-0.072219,1.000000;;
													}
												}
											}
											Frame Bone_128 {
												FrameTransformMatrix {
													0.781807,0.566343,-0.260833,0.000000,0.608551,-0.601953,0.517028,0.000000,0.135806,-0.562946,-0.815260,0.000000,-0.136357,0.192480,-0.115849,1.000000;;
												}
											}
										}
									}
								}
							}
							Frame Bone_129 {
								FrameTransformMatrix {
									-0.004140,0.963958,0.266023,0.000000,0.266022,-0.255377,0.929524,0.000000,0.963958,0.074616,-0.255377,0.000000,0.000000,0.329999,0.027470,1.000000;;
								}
							}
							Frame Bone_130 {
								FrameTransformMatrix {
									-0.004140,-0.963958,-0.266023,0.000000,-0.266022,-0.255377,0.929524,0.000000,-0.963958,0.074616,-0.255377,0.000000,0.000000,0.329999,0.027470,1.000000;;
								}
							}
						}
					}
					Frame Bone_131 {
						FrameTransformMatrix {
							0.806903,0.582368,0.098768,0.000000,-0.023383,-0.135586,0.990490,0.000000,0.590222,-0.801538,-0.095787,0.000000,0.065318,0.033230,-0.073198,1.000000;;
						}
						Frame Bone_132 {
							FrameTransformMatrix {
								0.806901,-0.023381,0.590223,0.000000,0.590223,0.071466,-0.804070,0.000000,-0.023381,0.997169,0.071466,0.000000,-0.000000,0.137070,0.000000,1.000000;;
							}
						}
						Frame Bone_133 {
							FrameTransformMatrix {
								0.814026,-0.070537,0.576529,0.000000,0.255402,-0.848018,-0.464365,0.000000,0.521662,0.525252,-0.672293,0.000000,0.000510,0.141993,0.011762,1.000000;;
							}
							Frame Bone_134 {
								FrameTransformMatrix {
									0.998769,-0.048168,0.011846,0.000000,0.011846,0.463522,0.886006,0.000000,-0.048168,-0.884775,0.463522,0.000000,0.000000,0.083752,-0.000000,1.000000;;
								}
							}
						}
						Frame Bone_135 {
							FrameTransformMatrix {
								0.950595,-0.166648,0.261911,0.000000,0.303985,0.670774,-0.676502,0.000000,-0.062945,0.722697,0.688293,0.000000,-0.002640,0.131244,0.005876,1.000000;;
							}
						}
					}
					Frame Bone_136 {
						FrameTransformMatrix {
							0.995586,-0.092411,-0.016392,0.000000,0.003001,-0.143222,0.989686,0.000000,-0.093806,-0.985367,-0.142313,0.000000,-0.062527,0.034403,-0.073959,1.000000;;
						}
						Frame Bone_137 {
							FrameTransformMatrix {
								0.995586,0.003003,-0.093803,0.000000,-0.093803,0.063828,-0.993543,0.000000,0.003003,0.997957,0.063828,0.000000,-0.000000,0.137950,-0.000000,1.000000;;
							}
							Frame Bone_138 {
								FrameTransformMatrix {
									0.999945,-0.010463,0.000009,0.000000,0.000009,0.001773,0.999998,0.000000,-0.010463,-0.999944,0.001773,0.000000,0.125698,0.034068,-0.135493,1.000000;;
								}
								Frame Bone_139 {
									FrameTransformMatrix {
										0.999945,0.000009,-0.010463,0.000000,-0.010463,0.001773,-0.999944,0.000000,0.000009,0.999998,0.001773,0.000000,0.000000,0.134952,-0.000000,1.000000;;
									}
								}
								Frame Bone_140 {
									FrameTransformMatrix {
										0.999968,0.000014,-0.007982,0.000000,-0.000062,0.999982,-0.005972,0.000000,0.007982,0.005972,0.999950,0.000000,0.000024,-0.248153,0.002288,1.000000;;
									}
								}
							}
							Frame Bone_141 {
								FrameTransformMatrix {
									0.999655,-0.026248,0.000005,0.000000,0.000005,0.000407,1.000000,0.000000,-0.026248,-0.999655,0.000407,0.000000,0.125699,-0.047349,-0.143295,1.000000;;
								}
								Frame Bone_142 {
									FrameTransformMatrix {
										0.999655,0.000005,-0.026248,0.000000,-0.026248,0.000407,-0.999655,0.000000,0.000005,1.000000,0.000407,0.000000,0.000000,0.151996,0.000000,1.000000;;
									}
								}
							}
							Frame Bone_143 {
								FrameTransformMatrix {
									1.000000,0.000000,0.000000,0.000000,-0.000000,0.001882,0.999998,0.000000,-0.000000,-0.999998,0.001882,0.000000,-0.001475,0.034068,-0.135493,1.000000;;
								}
								Frame Bone_144 {
									FrameTransformMatrix {
										1.000000,-0.000000,-0.000000,0.000000,0.000000,0.001882,-0.999998,0.000000,0.000000,0.999998,0.001882,0.000000,0.000000,0.134956,0.000000,1.000000;;
									}
								}
							}
							Frame Bone_145 {
								FrameTransformMatrix {
									1.000000,-0.000000,0.000000,0.000000,-0.000000,0.000407,1.000000,0.000000,-0.000000,-1.000000,0.000407,0.000000,-0.001475,-0.047349,-0.143295,1.000000;;
								}
								Frame Bone_146 {
									FrameTransformMatrix {
										1.000000,0.000000,-0.000000,0.000000,-0.000000,0.000407,-1.000000,0.000000,-0.000000,1.000000,0.000407,0.000000,-0.000000,0.151996,0.000000,1.000000;;
									}
								}
							}
						}
						Frame Bone_147 {
							FrameTransformMatrix {
								0.995617,0.050305,-0.078845,0.000000,0.001804,-0.853203,-0.521576,0.000000,-0.093509,0.519148,-0.849554,0.000000,-0.006364,0.143092,0.009793,1.000000;;
							}
							Frame Bone_148 {
								FrameTransformMatrix {
									0.998769,0.048160,-0.011846,0.000000,-0.011846,0.463581,0.885975,0.000000,0.048160,-0.884745,0.463581,0.000000,0.000000,0.083755,-0.000000,1.000000;;
								}
							}
						}
					}
					Frame Bone_149 {
						FrameTransformMatrix {
							1.000000,-0.000002,0.000002,0.000000,-0.000002,-0.136682,0.990615,0.000000,-0.000002,-0.990615,-0.136682,0.000000,0.000000,0.034086,-0.078332,1.000000;;
						}
						Frame Bone_150 {
							FrameTransformMatrix {
								1.000000,-0.000000,0.000000,0.000000,0.000000,0.070419,-0.997518,0.000000,-0.000000,0.997518,0.070419,0.000000,0.000000,0.142235,-0.000000,1.000000;;
							}
						}
						Frame Bone_151 {
							FrameTransformMatrix {
								1.000000,-0.000001,-0.000001,0.000000,-0.000001,-0.355210,-0.934786,0.000000,0.000001,0.934786,-0.355210,0.000000,0.000000,0.146354,0.010841,1.000000;;
							}
						}
					}
					Frame Bone_152 {
						FrameTransformMatrix {
							0.000002,0.206101,-0.978531,0.000000,0.999804,-0.019396,-0.004083,0.000000,-0.019821,-0.978339,-0.206061,0.000000,0.026529,0.121471,-0.014315,1.000000;;
						}
						Frame Bone_153 {
							FrameTransformMatrix {
								0.999349,-0.025692,-0.025305,0.000000,0.036061,0.711940,0.701313,0.000000,-0.000002,-0.701770,0.712404,0.000000,0.000000,0.064797,0.000000,1.000000;;
							}
							Frame Bone_154 {
								FrameTransformMatrix {
									0.998747,-0.050031,0.001054,0.000000,0.050040,0.998672,-0.012255,0.000000,-0.000440,0.012292,0.999924,0.000000,-0.004777,0.132398,0.001170,1.000000;;
								}
								Frame Bone_155 {
									FrameTransformMatrix {
										0.991860,0.127332,0.000002,0.000000,-0.127332,0.991860,-0.000001,0.000000,-0.000003,0.000001,1.000000,0.000000,0.000000,0.095473,-0.000000,1.000000;;
									}
									Frame Bone_156 {
										FrameTransformMatrix {
											0.999968,-0.007968,-0.000003,0.000000,0.007968,0.999968,0.000002,0.000000,0.000003,-0.000002,1.000000,0.000000,-0.000699,0.110029,-0.000000,1.000000;;
										}
										Frame Bone_157 {
											FrameTransformMatrix {
												0.999436,-0.033577,0.000003,0.000000,0.033577,0.999422,0.005234,0.000000,-0.000179,-0.005231,0.999986,0.000000,0.000000,0.087678,-0.000000,1.000000;;
											}
											Frame Bone_158 {
												FrameTransformMatrix {
													0.956969,0.263217,-0.122178,0.000000,-0.290191,0.868017,-0.402910,0.000000,0.000000,0.421027,0.907048,0.000000,0.000000,0.043219,-0.000000,1.000000;;
												}
											}
											Frame Bone_159 {
												FrameTransformMatrix {
													1.000000,-0.000000,-0.000001,0.000000,0.000000,0.999986,-0.005236,0.000000,0.000001,0.005236,0.999986,0.000000,0.010166,0.053973,-0.002450,1.000000;;
												}
												Frame Bone_160 {
													FrameTransformMatrix {
														1.000000,-0.000000,0.000000,0.000000,0.000000,1.000000,-0.000002,0.000000,-0.000000,0.000002,1.000000,0.000000,0.000000,0.031975,-0.000000,1.000000;;
													}
													Frame Bone_161 {
														FrameTransformMatrix {
															1.000000,-0.000000,0.000000,0.000000,0.000000,1.000000,0.000003,0.000000,-0.000000,-0.000003,1.000000,0.000000,-0.000000,0.019816,-0.000000,1.000000;;
														}
														Frame Bone_162 {
															FrameTransformMatrix {
																-1.000000,-0.000000,0.000000,0.000000,-0.000000,-0.707108,-0.707106,0.000000,0.000000,-0.707106,0.707108,0.000000,0.000000,0.019553,-0.000000,1.000000;;
															}
														}
													}
												}
											}
											Frame Bone_163 {
												FrameTransformMatrix {
													1.000000,-0.000000,-0.000001,0.000000,0.000000,0.999986,-0.005235,0.000000,0.000001,0.005235,0.999986,0.000000,-0.004777,0.057509,-0.006633,1.000000;;
												}
												Frame Bone_164 {
													FrameTransformMatrix {
