xof 0303txt 0032

template AnimTicksPerSecond {
  <9E415A43-7BA6-4a73-8743-B73D47E88476>
  DWORD AnimTicksPerSecond;
}

template XSkinMeshHeader {
  <3cf169ce-ff7c-44ab-93c0-f78f62d172e2>
  WORD nMaxSkinWeightsPerVertex;
  WORD nMaxSkinWeightsPerFace;
  WORD nBones;
}

template SkinWeights {
  <6f0d123b-bad2-4167-a0d0-80224f25fabb>
  STRING transformNodeName;
  DWORD nWeights;
  array DWORD vertexIndices[nWeights];
  array float weights[nWeights];
  Matrix4x4 matrixOffset;
}

Frame Root {
  FrameTransformMatrix {
     1.000000, 0.000000, 0.000000, 0.000000,
     0.000000,-0.000000, 1.000000, 0.000000,
     0.000000, 1.000000, 0.000000, 0.000000,
     0.000000, 0.000000, 0.000000, 1.000000;;
  }
  Frame Wolf_Skeleton {
    FrameTransformMatrix {
       1.000000, 0.000000, 0.000000, 0.000000,
       0.000000, 1.000000, 0.000000, 0.000000,
       0.000000, 0.000000, 1.000000, 0.000000,
       0.000000, 0.000000, 0.000000, 1.000000;;
    }
    Frame Wolf_Skeleton_root {
      FrameTransformMatrix {
         1.000000, 0.000000, 0.000000, 0.000000,
        -0.000000,-0.000000, 1.000000, 0.000000,
         0.000000,-1.000000,-0.000000, 0.000000,
         0.000000, 0.000000, 0.000000, 1.000000;;
      }
      Frame Wolf_Skeleton_Becken {
        FrameTransformMatrix {
           1.000000,-0.000000, 0.000000, 0.000000,
          -0.000000,-0.578024, 0.816020, 0.000000,
           0.000000,-0.816020,-0.578024, 0.000000,
           0.000000, 0.500878,-0.103893, 1.000000;;
        }
        Frame Wolf_Skeleton_Bauch {
          FrameTransformMatrix {
             1.000000, 0.000000,-0.000000, 0.000000,
            -0.000000, 0.839122,-0.543943, 0.000000,
            -0.000000, 0.543943, 0.839122, 0.000000,
             0.000000, 0.101727,-0.036042, 1.000000;;
          }
          Frame Wolf_Skeleton_Bauch_001 {
            FrameTransformMatrix {
               1.000000, 0.000000,-0.000000, 0.000000,
              -0.000000, 0.975422,-0.220343, 0.000000,
              -0.000000, 0.220343, 0.975422, 0.000000,
               0.000000, 0.053255, 0.024428, 1.000000;;
            }
            Frame Wolf_Skeleton_Brust {
              FrameTransformMatrix {
                 1.000000,-0.000000, 0.000000, 0.000000,
                 0.000000, 0.805040,-0.593220, 0.000000,
                 0.000000, 0.593220, 0.805040, 0.000000,
                 0.000000, 0.111033, 0.063862, 1.000000;;
              }
              Frame Wolf_Skeleton_Bauch_003 {
                FrameTransformMatrix {
                   1.000000, 0.000000,-0.000000, 0.000000,
                  -0.000000,-0.739396, 0.673271, 0.000000,
                  -0.000000,-0.673271,-0.739397, 0.000000,
                   0.000000, 0.127687,-0.060796, 1.000000;;
                }
                Frame Wolf_Skeleton_Schalterplatte_L {
                  FrameTransformMatrix {
                     0.907348,-0.406477,-0.107223, 0.000000,
                     0.149916, 0.551166,-0.820817, 0.000000,
                     0.392741, 0.728692, 0.561037, 0.000000,
                     0.038208, 0.089257,-0.000000, 1.000000;;
                  }
                  Frame Wolf_Skeleton_Oberarm_L {
                    FrameTransformMatrix {
                       0.856712, 0.120318, 0.501565, 0.000000,
                      -0.442675, 0.670603, 0.595256, 0.000000,
                      -0.264731,-0.731994, 0.627775, 0.000000,
                      -0.000000, 0.141863, 0.000000, 1.000000;;
                    }
                    Frame Wolf_Skeleton_Unterarm_L {
                      FrameTransformMatrix {
                         0.999523,-0.025966, 0.016743, 0.000000,
                         0.029679, 0.957568,-0.286674, 0.000000,
                        -0.008589, 0.287034, 0.957882, 0.000000,
                         0.000000, 0.202823, 0.000000, 1.000000;;
                      }
                      Frame Wolf_Skeleton_Vorderpfote_L {
                        FrameTransformMatrix {
                           0.999520, 0.010466, 0.029160, 0.000000,
                           0.019552, 0.517034,-0.855742, 0.000000,
                          -0.024033, 0.855901, 0.516581, 0.000000,
                          -0.000000, 0.170595,-0.000000, 1.000000;;
                        }
                      } // End of Wolf_Skeleton_Vorderpfote_L
                    } // End of Wolf_Skeleton_Unterarm_L
                  } // End of Wolf_Skeleton_Oberarm_L
                } // End of Wolf_Skeleton_Schalterplatte_L
                Frame Wolf_Skeleton_Schalterplatte_R {
                  FrameTransformMatrix {
                     0.829651, 0.533504,-0.164476, 0.000000,
                    -0.158120,-0.057997,-0.985715, 0.000000,
                    -0.535422, 0.843806, 0.036241, 0.000000,
                    -0.038208, 0.089257,-0.000000, 1.000000;;
                  }
                  Frame Wolf_Skeleton_Oberarm_R {
                    FrameTransformMatrix {
                       0.813604,-0.187504,-0.550355, 0.000000,
                       0.579212, 0.178989, 0.795284, 0.000000,
                      -0.050611,-0.965818, 0.254230, 0.000000,
                       0.000000, 0.141863, 0.000000, 1.000000;;
                    }
                    Frame Wolf_Skeleton_Unterarm_R {
                      FrameTransformMatrix {
                         0.999698, 0.012776,-0.020967, 0.000000,
                        -0.024542, 0.494813,-0.868652, 0.000000,
                        -0.000723, 0.868905, 0.494978, 0.000000,
                        -0.000000, 0.202823, 0.000000, 1.000000;;
                      }
                      Frame Wolf_Skeleton_Vorderpfote_R {
                        FrameTransformMatrix {
                           0.938469,-0.145858,-0.313051, 0.000000,
                           0.060187, 0.961642,-0.267622, 0.000000,
                           0.340078, 0.232314, 0.911250, 0.000000,
                           0.000000, 0.170594,-0.000000, 1.000000;;
                        }
                      } // End of Wolf_Skeleton_Vorderpfote_R
                    } // End of Wolf_Skeleton_Unterarm_R
                  } // End of Wolf_Skeleton_Oberarm_R
                } // End of Wolf_Skeleton_Schalterplatte_R
              } // End of Wolf_Skeleton_Bauch_003
              Frame Wolf_Skeleton_Hals {
                FrameTransformMatrix {
                   1.000000,-0.000000,-0.000000, 0.000000,
                   0.000000, 0.989064,-0.147488, 0.000000,
                   0.000000, 0.147488, 0.989064, 0.000000,
                   0.000000, 0.126495, 0.075327, 1.000000;;
                }
                Frame Wolf_Skeleton_Kopf_002 {
                  FrameTransformMatrix {
                     1.000000, 0.000074, 0.000112, 0.000000,
                     0.000043,-0.966598, 0.256296, 0.000000,
                     0.000128,-0.256296,-0.966599, 0.000000,
                    -0.000003, 0.175259, 0.026518, 1.000000;;
                  }
                  Frame Wolf_Skeleton_Kopf {
                    FrameTransformMatrix {
                       0.999999,-0.001600, 0.000238, 0.000000,
                      -0.000249,-0.297782,-0.954634, 0.000000,
                       0.001599, 0.954633,-0.297782, 0.000000,
                      -0.000000, 0.103700,-0.005119, 1.000000;;
                    }
                    Frame Wolf_Skeleton_Braun_O_L {
                      FrameTransformMatrix {
                        -0.215072,-0.841501, 0.495601, 0.000000,
                        -0.651372, 0.501713, 0.569208, 0.000000,
                        -0.727639,-0.200400,-0.656035, 0.000000,
                         0.037061, 0.098019,-0.032925, 1.000000;;
                      }
                    } // End of Wolf_Skeleton_Braun_O_L
                    Frame Wolf_Skeleton_Braun_O_R {
                      FrameTransformMatrix {
                        -0.213067, 0.841608,-0.496285, 0.000000,
                         0.649798, 0.501389, 0.571289, 0.000000,
                         0.729633,-0.200763,-0.653705, 0.000000,
                        -0.036907, 0.098037,-0.033043, 1.000000;;
                      }
                    } // End of Wolf_Skeleton_Braun_O_R
                    Frame Wolf_Skeleton_Mauloben {
                      FrameTransformMatrix {
                         0.999999,-0.000249, 0.001599, 0.000000,
                        -0.000551, 0.876499, 0.481403, 0.000000,
                        -0.001521,-0.481403, 0.876498, 0.000000,
                        -0.000041, 0.091015, 0.040036, 1.000000;;
                      }
                    } // End of Wolf_Skeleton_Mauloben
                    Frame Wolf_Skeleton_MundW_L {
                      FrameTransformMatrix {
                        -0.905607,-0.423681, 0.019248, 0.000000,
                        -0.397754, 0.864190, 0.308169, 0.000000,
                        -0.147199, 0.271424,-0.951137, 0.000000,
                         0.036185, 0.067305, 0.037514, 1.000000;;
                      }
                    } // End of Wolf_Skeleton_MundW_L
                    Frame Wolf_Skeleton_MundW_R {
                      FrameTransformMatrix {
                        -0.905320, 0.424154,-0.022124, 0.000000,
                         0.397224, 0.863981, 0.309435, 0.000000,
                         0.150363, 0.271350,-0.950663, 0.000000,
                        -0.036271, 0.067323, 0.037398, 1.000000;;
                      }
                    } // End of Wolf_Skeleton_MundW_R
                    Frame Wolf_Skeleton_Ohr_L {
                      FrameTransformMatrix {
                         0.965170, 0.082900, 0.248141, 0.000000,
                         0.155700, 0.580206,-0.799449, 0.000000,
                        -0.210247, 0.810240, 0.547090, 0.000000,
                         0.036601, 0.064078,-0.068932, 1.000000;;
                      }
                    } // End of Wolf_Skeleton_Ohr_L
                    Frame Wolf_Skeleton_Ohr_R {
                      FrameTransformMatrix {
                         0.965917,-0.083381,-0.245054, 0.000000,
                        -0.152854, 0.580283,-0.799942, 0.000000,
                         0.208900, 0.810136, 0.547760, 0.000000,
                        -0.036349, 0.064096,-0.069049, 1.000000;;
                      }
                    } // End of Wolf_Skeleton_Ohr_R
                    Frame Wolf_Skeleton_Unterkiefer {
                      FrameTransformMatrix {
                         0.998833, 0.033649,-0.034647, 0.000000,
                         0.019858, 0.367792, 0.929696, 0.000000,
                         0.044026,-0.929299, 0.366695, 0.000000,
                        -0.000456, 0.063705, 0.040607, 1.000000;;
                      }
                      Frame Wolf_Skeleton_Hals_fett {
                        FrameTransformMatrix {
                           0.998768, 0.021253, 0.044844, 0.000000,
                          -0.049424, 0.507204, 0.860408, 0.000000,
                          -0.004459,-0.861564, 0.507629, 0.000000,
                          -0.000772, 0.029982, 0.012065, 1.000000;;
                        }
                      } // End of Wolf_Skeleton_Hals_fett
                      Frame Wolf_Skeleton_Maulunten {
                        FrameTransformMatrix {
                           0.998768, 0.021253, 0.044844, 0.000000,
                           0.011697, 0.777376,-0.628928, 0.000000,
                          -0.048227, 0.628677, 0.776169, 0.000000,
                           0.000772, 0.008319,-0.012065, 1.000000;;
                        }
                      } // End of Wolf_Skeleton_Maulunten
                    } // End of Wolf_Skeleton_Unterkiefer
                    Frame Wolf_Skeleton_aug_lied_O_L {
                      FrameTransformMatrix {
                        -0.470102,-0.879511, 0.073916, 0.000000,
                        -0.815561, 0.464881, 0.344593, 0.000000,
                        -0.337436, 0.101711,-0.935837, 0.000000,
                         0.032715, 0.103888,-0.016081, 1.000000;;
                      }
                    } // End of Wolf_Skeleton_aug_lied_O_L
                    Frame Wolf_Skeleton_aug_lied_O_R {
                      FrameTransformMatrix {
                        -0.469425, 0.879746,-0.075418, 0.000000,
                         0.814687, 0.464475, 0.347200, 0.000000,
                         0.340477, 0.101542,-0.934754, 0.000000,
                        -0.032611, 0.103905,-0.016185, 1.000000;;
                      }
                    } // End of Wolf_Skeleton_aug_lied_O_R
                    Frame Wolf_Skeleton_aug_lied_U_L {
                      FrameTransformMatrix {
                        -0.319276,-0.896295, 0.307762, 0.000000,
                        -0.760608, 0.436084, 0.480943, 0.000000,
                        -0.565277,-0.080533,-0.820961, 0.000000,
                         0.033129, 0.102192,-0.013384, 1.000000;;
                      }
                    } // End of Wolf_Skeleton_aug_lied_U_L
                    Frame Wolf_Skeleton_aug_lied_U_R {
                      FrameTransformMatrix {
                        -0.317843, 0.896454,-0.308781, 0.000000,
                         0.759284, 0.435705, 0.483373, 0.000000,
                         0.567859,-0.080815,-0.819149, 0.000000,
                        -0.033035, 0.102208,-0.013489, 1.000000;;
                      }
                    } // End of Wolf_Skeleton_aug_lied_U_R
                  } // End of Wolf_Skeleton_Kopf
                } // End of Wolf_Skeleton_Kopf_002
              } // End of Wolf_Skeleton_Hals
            } // End of Wolf_Skeleton_Brust
          } // End of Wolf_Skeleton_Bauch_001
        } // End of Wolf_Skeleton_Bauch
        Frame Wolf_Skeleton_Oberschenkel_L {
          FrameTransformMatrix {
             0.992021, 0.070233,-0.104700, 0.000000,
             0.089460, 0.193030, 0.977106, 0.000000,
             0.088836,-0.978676, 0.185207, 0.000000,
             0.058344,-0.036839, 0.062543, 1.000000;;
          }
          Frame Wolf_Skeleton_Unterschenkel_L {
            FrameTransformMatrix {
               0.959773, 0.209387, 0.187062, 0.000000,
              -0.280615, 0.692796, 0.664296, 0.000000,
               0.009499,-0.690066, 0.723684, 0.000000,
               0.000000, 0.168644,-0.000000, 1.000000;;
            }
            Frame Wolf_Skeleton_Pfote1_L {
              FrameTransformMatrix {
                 0.993835,-0.101732,-0.044069, 0.000000,
                 0.080016, 0.933314,-0.350031, 0.000000,
                 0.076739, 0.344347, 0.935701, 0.000000,
                -0.000000, 0.119090, 0.000000, 1.000000;;
              }
              Frame Wolf_Skeleton_Pfote2_L {
                FrameTransformMatrix {
                   0.997573,-0.069090,-0.008633, 0.000000,
                   0.069545, 0.994741, 0.075192, 0.000000,
                   0.003393,-0.075610, 0.997132, 0.000000,
                  -0.000000, 0.098763,-0.000000, 1.000000;;
                }
              } // End of Wolf_Skeleton_Pfote2_L
            } // End of Wolf_Skeleton_Pfote1_L
          } // End of Wolf_Skeleton_Unterschenkel_L
        } // End of Wolf_Skeleton_Oberschenkel_L
        Frame Wolf_Skeleton_Oberschenkel_R {
          FrameTransformMatrix {
             0.991184,-0.067850, 0.113801, 0.000000,
            -0.087406, 0.310641, 0.946500, 0.000000,
            -0.099571,-0.948103, 0.301972, 0.000000,
            -0.058370,-0.027303, 0.069334, 1.000000;;
          }
          Frame Wolf_Skeleton_Unterschenkel_R {
            FrameTransformMatrix {
               0.953075,-0.235201,-0.190600, 0.000000,
               0.144300,-0.200525, 0.969003, 0.000000,
              -0.266130,-0.951036,-0.157176, 0.000000,
              -0.000000, 0.168645, 0.000000, 1.000000;;
            }
            Frame Wolf_Skeleton_Pfote1_R {
              FrameTransformMatrix {
                 0.992372, 0.114382, 0.045974, 0.000000,
                 0.004646, 0.337972,-0.941145, 0.000000,
                -0.123188, 0.934180, 0.334863, 0.000000,
                -0.000000, 0.119090,-0.000000, 1.000000;;
              }
              Frame Wolf_Skeleton_Pfote2_R {
                FrameTransformMatrix {
                  -0.984438,-0.160085, 0.072484, 0.000000,
                   0.174065,-0.831651, 0.527312, 0.000000,
                  -0.024134, 0.531723, 0.846574, 0.000000,
                   0.000000, 0.098762, 0.000000, 1.000000;;
                }
              } // End of Wolf_Skeleton_Pfote2_R
            } // End of Wolf_Skeleton_Pfote1_R
          } // End of Wolf_Skeleton_Unterschenkel_R
        } // End of Wolf_Skeleton_Oberschenkel_R
        Frame Wolf_Skeleton_Schwanz {
          FrameTransformMatrix {
             0.999615,-0.027533,-0.003316, 0.000000,
            -0.025207,-0.951913, 0.305329, 0.000000,
            -0.011563,-0.305129,-0.952242, 0.000000,
            -0.000000,-0.009624, 0.005584, 1.000000;;
          }
          Frame Wolf_Skeleton_Schwanz_001 {
            FrameTransformMatrix {
               0.999953,-0.007421,-0.006241, 0.000000,
               0.003720, 0.887982,-0.459863, 0.000000,
               0.008954, 0.459819, 0.887968, 0.000000,
              -0.000000, 0.091043, 0.000000, 1.000000;;
            }
            Frame Wolf_Skeleton_Schwanz_002 {
              FrameTransformMatrix {
                 0.999830,-0.013257,-0.012858, 0.000000,
                 0.005518, 0.878863,-0.477043, 0.000000,
                 0.017625, 0.476891, 0.878786, 0.000000,
                -0.000000, 0.078557, 0.000000, 1.000000;;
              }
              Frame Wolf_Skeleton_Schwanz_003 {
                FrameTransformMatrix {
                   1.000000, 0.000000,-0.000000, 0.000000,
                  -0.000000, 0.979563, 0.201139, 0.000000,
                  -0.000000,-0.201139, 0.979563, 0.000000,
                  -0.000000, 0.083503, 0.000000, 1.000000;;
                }
              } // End of Wolf_Skeleton_Schwanz_003
            } // End of Wolf_Skeleton_Schwanz_002
          } // End of Wolf_Skeleton_Schwanz_001
        } // End of Wolf_Skeleton_Schwanz
      } // End of Wolf_Skeleton_Becken
    } // End of Wolf_Skeleton_root
  } // End of Wolf_Skeleton
} // End of Root
AnimTicksPerSecond {
  30;
}
AnimationSet Wolf_Run_Cycle_ {
  Animation {
    {Wolf_Skeleton}
    AnimationKey { // Rotation
      0;
      18;
      0;4;-1.000000, 0.000000, 0.000000, 0.000000;;,
      1;4;-1.000000, 0.000000, 0.000000, 0.000000;;,
      2;4;-1.000000, 0.000000, 0.000000, 0.000000;;,
      3;4;-1.000000, 0.000000, 0.000000, 0.000000;;,
      4;4;-1.000000, 0.000000, 0.000000, 0.000000;;,
      5;4;-1.000000, 0.000000, 0.000000, 0.000000;;,
      6;4;-1.000000, 0.000000, 0.000000, 0.000000;;,
      7;4;-1.000000, 0.000000, 0.000000, 0.000000;;,
      8;4;-1.000000, 0.000000, 0.000000, 0.000000;;,
      9;4;-1.000000, 0.000000, 0.000000, 0.000000;;,
      10;4;-1.000000, 0.000000, 0.000000, 0.000000;;,
      11;4;-1.000000, 0.000000, 0.000000, 0.000000;;,
      12;4;-1.000000, 0.000000, 0.000000, 0.000000;;,
      13;4;-1.000000, 0.000000, 0.000000, 0.000000;;,
      14;4;-1.000000, 0.000000, 0.000000, 0.000000;;,
      15;4;-1.000000, 0.000000, 0.000000, 0.000000;;,
      16;4;-1.000000, 0.000000, 0.000000, 0.000000;;,
      17;4;-1.000000, 0.000000, 0.000000, 0.000000;;;
    }
    AnimationKey { // Scale
      1;
      18;
      0;3; 1.000000, 1.000000, 1.000000;;,
      1;3; 1.000000, 1.000000, 1.000000;;,
      2;3; 1.000000, 1.000000, 1.000000;;,
      3;3; 1.000000, 1.000000, 1.000000;;,
      4;3; 1.000000, 1.000000, 1.000000;;,
      5;3; 1.000000, 1.000000, 1.000000;;,
      6;3; 1.000000, 1.000000, 1.000000;;,
      7;3; 1.000000, 1.000000, 1.000000;;,
      8;3; 1.000000, 1.000000, 1.000000;;,
      9;3; 1.000000, 1.000000, 1.000000;;,
      10;3; 1.000000, 1.000000, 1.000000;;,
      11;3; 1.000000, 1.000000, 1.000000;;,
      12;3; 1.000000, 1.000000, 1.000000;;,
      13;3; 1.000000, 1.000000, 1.000000;;,
      14;3; 1.000000, 1.000000, 1.000000;;,
      15;3; 1.000000, 1.000000, 1.000000;;,
      16;3; 1.000000, 1.000000, 1.000000;;,
      17;3; 1.000000, 1.000000, 1.000000;;;
    }
    AnimationKey { // Position
      2;
      18;
      0;3; 0.000000, 0.000000, 0.000000;;,
      1;3; 0.000000, 0.000000, 0.000000;;,
      2;3; 0.000000, 0.000000, 0.000000;;,
      3;3; 0.000000, 0.000000, 0.000000;;,
      4;3; 0.000000, 0.000000, 0.000000;;,
      5;3; 0.000000, 0.000000, 0.000000;;,
      6;3; 0.000000, 0.000000, 0.000000;;,
      7;3; 0.000000, 0.000000, 0.000000;;,
      8;3; 0.000000, 0.000000, 0.000000;;,
      9;3; 0.000000, 0.000000, 0.000000;;,
      10;3; 0.000000, 0.000000, 0.000000;;,
      11;3; 0.000000, 0.000000, 0.000000;;,
      12;3; 0.000000, 0.000000, 0.000000;;,
      13;3; 0.000000, 0.000000, 0.000000;;,
      14;3; 0.000000, 0.000000, 0.000000;;,
      15;3; 0.000000, 0.000000, 0.000000;;,
      16;3; 0.000000, 0.000000, 0.000000;;,
      17;3; 0.000000, 0.000000, 0.000000;;;
    }
  }
  Animation {
    {Wolf_Skeleton_root}
    AnimationKey { // Rotation
      0;
      18;
      0;4;-0.707107, 0.707107, 0.000000, 0.000000;;,
      1;4;-0.707107, 0.707107, 0.000000, 0.000000;;,
      2;4;-0.707107, 0.707107, 0.000000, 0.000000;;,
      3;4;-0.707107, 0.707107, 0.000000, 0.000000;;,
      4;4;-0.707107, 0.707107, 0.000000, 0.000000;;,
      5;4;-0.707107, 0.707107, 0.000000, 0.000000;;,
      6;4;-0.707107, 0.707107, 0.000000, 0.000000;;,
      7;4;-0.707107, 0.707107, 0.000000, 0.000000;;,
      8;4;-0.707107, 0.707107, 0.000000, 0.000000;;,
      9;4;-0.707107, 0.707107, 0.000000, 0.000000;;,
      10;4;-0.707107, 0.707107, 0.000000, 0.000000;;,
      11;4;-0.707107, 0.707107, 0.000000, 0.000000;;,
      12;4;-0.707107, 0.707107, 0.000000, 0.000000;;,
      13;4;-0.707107, 0.707107, 0.000000, 0.000000;;,
      14;4;-0.707107, 0.707107, 0.000000, 0.000000;;,
      15;4;-0.707107, 0.707107, 0.000000, 0.000000;;,
      16;4;-0.707107, 0.707107, 0.000000, 0.000000;;,
      17;4;-0.707107, 0.707107, 0.000000, 0.000000;;;
    }
    AnimationKey { // Scale
      1;
      18;
      0;3; 1.000000, 1.000000, 1.000000;;,
      1;3; 1.000000, 1.000000, 1.000000;;,
      2;3; 1.000000, 1.000000, 1.000000;;,
      3;3; 1.000000, 1.000000, 1.000000;;,
      4;3; 1.000000, 1.000000, 1.000000;;,
      5;3; 1.000000, 1.000000, 1.000000;;,
      6;3; 1.000000, 1.000000, 1.000000;;,
      7;3; 1.000000, 1.000000, 1.000000;;,
      8;3; 1.000000, 1.000000, 1.000000;;,
      9;3; 1.000000, 1.000000, 1.000000;;,
      10;3; 1.000000, 1.000000, 1.000000;;,
      11;3; 1.000000, 1.000000, 1.000000;;,
      12;3; 1.000000, 1.000000, 1.000000;;,
      13;3; 1.000000, 1.000000, 1.000000;;,
      14;3; 1.000000, 1.000000, 1.000000;;,
      15;3; 1.000000, 1.000000, 1.000000;;,
      16;3; 1.000000, 1.000000, 1.000000;;,
      17;3; 1.000000, 1.000000, 1.000000;;;
    }
    AnimationKey { // Position
      2;
      18;
      0;3; 0.000000, 0.000000, 0.000000;;,
      1;3; 0.000000, 0.000000, 0.000000;;,
      2;3; 0.000000, 0.000000, 0.000000;;,
      3;3; 0.000000, 0.000000, 0.000000;;,
      4;3; 0.000000, 0.000000, 0.000000;;,
      5;3; 0.000000, 0.000000, 0.000000;;,
      6;3; 0.000000, 0.000000, 0.000000;;,
      7;3; 0.000000, 0.000000, 0.000000;;,
      8;3; 0.000000, 0.000000, 0.000000;;,
      9;3; 0.000000, 0.000000, 0.000000;;,
      10;3; 0.000000, 0.000000, 0.000000;;,
      11;3; 0.000000, 0.000000, 0.000000;;,
      12;3; 0.000000, 0.000000, 0.000000;;,
      13;3; 0.000000, 0.000000, 0.000000;;,
      14;3; 0.000000, 0.000000, 0.000000;;,
      15;3; 0.000000, 0.000000, 0.000000;;,
      16;3; 0.000000, 0.000000, 0.000000;;,
      17;3; 0.000000, 0.000000, 0.000000;;;
    }
  }
  Animation {
    {Wolf_Skeleton_Becken}
    AnimationKey { // Rotation
      0;
      18;
      0;4;-0.459335, 0.888263,-0.000000, 0.000000;;,
      1;4;-0.459335, 0.888263,-0.000000, 0.000000;;,
      2;4;-0.473048, 0.881036,-0.000000, 0.000000;;,
      3;4;-0.512815, 0.858499,-0.000000, 0.000000;;,
      4;4;-0.563161, 0.826347,-0.000000,-0.000000;;,
      5;4;-0.604682, 0.796467,-0.000000, 0.000000;;,
      6;4;-0.644695, 0.764440,-0.000000, 0.000000;;,
      7;4;-0.689236, 0.724537,-0.000000, 0.000000;;,
      8;4;-0.721500, 0.692414,-0.000000, 0.000000;;,
      9;4;-0.732056, 0.681245,-0.000000, 0.000000;;,
      10;4;-0.721492, 0.692423,-0.000000, 0.000000;;,
      11;4;-0.689204, 0.724568,-0.000000, 0.000000;;,
      12;4;-0.644635, 0.764490,-0.000000, 0.000000;;,
      13;4;-0.604609, 0.796522,-0.000000, 0.000000;;,
      14;4;-0.563103, 0.826387,-0.000000, 0.000000;;,
      15;4;-0.512795, 0.858511,-0.000000, 0.000000;;,
      16;4;-0.473049, 0.881036,-0.000000, 0.000000;;,
      17;4;-0.459335, 0.888263,-0.000000, 0.000000;;;
    }
    AnimationKey { // Scale
      1;
      18;
      0;3; 1.000000, 1.000000, 1.000000;;,
      1;3; 1.000000, 1.000000, 1.000000;;,
      2;3; 1.000000, 1.000000, 1.000000;;,
      3;3; 1.000000, 1.000000, 1.000000;;,
      4;3; 1.000000, 1.000000, 1.000000;;,
      5;3; 1.000000, 1.000000, 1.000000;;,
      6;3; 1.000000, 1.000000, 1.000000;;,
      7;3; 1.000000, 1.000000, 1.000000;;,
      8;3; 1.000000, 1.000000, 1.000000;;,
      9;3; 1.000000, 1.000000, 1.000000;;,
      10;3; 1.000000, 1.000000, 1.000000;;,
      11;3; 1.000000, 1.000000, 1.000000;;,
      12;3; 1.000000, 1.000000, 1.000000;;,
      13;3; 1.000000, 1.000000, 1.000000;;,
      14;3; 1.000000, 1.000000, 1.000000;;,
      15;3; 1.000000, 1.000000, 1.000000;;,
      16;3; 1.000000, 1.000000, 1.000000;;,
      17;3; 1.000000, 1.000000, 1.000000;;;
    }
    AnimationKey { // Position
      2;
      18;
      0;3; 0.000000, 0.500878,-0.103893;;,
      1;3; 0.000000, 0.500878,-0.103893;;,
      2;3; 0.000000, 0.499712,-0.107036;;,
      3;3; 0.000000, 0.496346,-0.116020;;,
      4;3; 0.000000, 0.492127,-0.127065;;,
      5;3; 0.000000, 0.488808,-0.135412;;,
      6;3; 0.000000, 0.486907,-0.141924;;,
      7;3; 0.000000, 0.484582,-0.144466;;,
      8;3; 0.000000, 0.443703,-0.126733;;,
      9;3; 0.000000, 0.404748,-0.109337;;,
      10;3; 0.000000, 0.404424,-0.113224;;,
      11;3; 0.000000, 0.404088,-0.123480;;,
      12;3; 0.000000, 0.405133,-0.133978;;,
      13;3; 0.000000, 0.408296,-0.138474;;,
      14;3; 0.000000, 0.413554,-0.124717;;,
      15;3; 0.000000, 0.426968,-0.104955;;,
      16;3; 0.000000, 0.469210,-0.101633;;,
      17;3; 0.000000, 0.500878,-0.103893;;;
    }
  }
  Animation {
    {Wolf_Skeleton_Bauch}
    AnimationKey { // Rotation
      0;
      18;
      0;4;-0.958937,-0.283618, 0.000000, 0.000000;;,
      1;4;-0.958937,-0.283618, 0.000000, 0.000000;;,
      2;4;-0.966337,-0.257279, 0.000000, 0.000000;;,
      3;4;-0.983379,-0.181562, 0.000000, 0.000000;;,
      4;4;-0.995985,-0.089519, 0.000000, 0.000000;;,
      5;4;-0.999705,-0.024275, 0.000000,-0.000000;;,
      6;4;-0.999829, 0.018476, 0.000000,-0.000000;;,
      7;4;-0.998639, 0.052164, 0.000000, 0.000000;;,
      8;4;-0.997470, 0.071085, 0.000000, 0.000000;;,
      9;4;-0.997089, 0.076248, 0.000000,-0.000000;;,
      10;4;-0.998609, 0.052728,-0.000000,-0.000000;;,
      11;4;-0.999891,-0.014734,-0.000000,-0.000000;;,
      12;4;-0.995261,-0.097240,-0.000000,-0.000000;;,
      13;4;-0.987396,-0.158267,-0.000000,-0.000000;;,
      14;4;-0.978924,-0.204223,-0.000000, 0.000000;;,
      15;4;-0.969030,-0.246944,-0.000000,-0.000000;;,
      16;4;-0.961456,-0.274959,-0.000000,-0.000000;;,
      17;4;-0.958937,-0.283618,-0.000000, 0.000000;;;
    }
    AnimationKey { // Scale
      1;
      18;
      0;3; 1.000000, 1.000000, 1.000000;;,
      1;3; 1.000000, 1.000000, 1.000000;;,
      2;3; 1.000000, 1.000000, 1.000000;;,
      3;3; 1.000000, 1.000000, 1.000000;;,
      4;3; 1.000000, 1.000000, 1.000000;;,
      5;3; 1.000000, 1.000000, 1.000000;;,
      6;3; 1.000000, 1.000000, 1.000000;;,
      7;3; 1.000000, 1.000000, 1.000000;;,
      8;3; 1.000000, 1.000000, 1.000000;;,
      9;3; 1.000000, 1.000000, 1.000000;;,
      10;3; 1.000000, 1.000000, 1.000000;;,
      11;3; 1.000000, 1.000000, 1.000000;;,
      12;3; 1.000000, 1.000000, 1.000000;;,
      13;3; 1.000000, 1.000000, 1.000000;;,
      14;3; 1.000000, 1.000000, 1.000000;;,
      15;3; 1.000000, 1.000000, 1.000000;;,
      16;3; 1.000000, 1.000000, 1.000000;;,
      17;3; 1.000000, 1.000000, 1.000000;;;
    }
    AnimationKey { // Position
      2;
      18;
      0;3; 0.000000, 0.101727,-0.036042;;,
      1;3; 0.000000, 0.101727,-0.036042;;,
      2;3; 0.000000, 0.102449,-0.036847;;,
      3;3; 0.000000, 0.104815,-0.039061;;,
      4;3; 0.000000, 0.108461,-0.041559;;,
      5;3; 0.000000, 0.112420,-0.043089;;,
      6;3; 0.000000, 0.122478,-0.025931;;,
      7;3; 0.000000, 0.130276,-0.008268;;,
      8;3; 0.000000, 0.114880,-0.028892;;,
      9;3; 0.000000, 0.099376,-0.049493;;,
      10;3; 0.000000, 0.099609,-0.047870;;,
      11;3; 0.000000, 0.100519,-0.043691;;,
      12;3; 0.000000, 0.101430,-0.039514;;,
      13;3; 0.000000, 0.101663,-0.037891;;,
      14;3; 0.000000, 0.087000,-0.046643;;,
      15;3; 0.000000, 0.072446,-0.055418;;,
      16;3; 0.000000, 0.087086,-0.045730;;,
      17;3; 0.000000, 0.101727,-0.036042;;;
    }
  }
  Animation {
    {Wolf_Skeleton_Bauch_001}
    AnimationKey { // Rotation
      0;
      18;
      0;4;-0.993837,-0.110855, 0.000000, 0.000000;;,
      1;4;-0.993837,-0.110855, 0.000000, 0.000000;;,
      2;4;-0.994819,-0.101659, 0.000000, 0.000000;;,
      3;4;-0.997076,-0.076421, 0.000000, 0.000000;;,
      4;4;-0.998844,-0.048078, 0.000000, 0.000000;;,
      5;4;-0.999516,-0.031114,-0.000000,-0.000000;;,
      6;4;-0.999731,-0.023200, 0.000000, 0.000000;;,
      7;4;-0.999828,-0.018523,-0.000000,-0.000000;;,
      8;4;-0.999857,-0.016907, 0.000000, 0.000000;;,
      9;4;-0.999860,-0.016724,-0.000000, 0.000000;;,
      10;4;-0.999509,-0.031341, 0.000000, 0.000000;;,
      11;4;-0.997575,-0.069595,-0.000000,-0.000000;;,
      12;4;-0.994178,-0.107747,-0.000000,-0.000000;;,
      13;4;-0.992497,-0.122271, 0.000000, 0.000000;;,
      14;4;-0.992690,-0.120693, 0.000000, 0.000000;;,
      15;4;-0.993183,-0.116565, 0.000000, 0.000000;;,
      16;4;-0.993659,-0.112434, 0.000000, 0.000000;;,
      17;4;-0.993837,-0.110855, 0.000000, 0.000000;;;
    }
    AnimationKey { // Scale
      1;
      18;
      0;3; 1.000000, 1.000000, 1.000000;;,
      1;3; 1.000000, 1.000000, 1.000000;;,
      2;3; 1.000000, 1.000000, 1.000000;;,
      3;3; 1.000000, 1.000000, 1.000000;;,
      4;3; 1.000000, 1.000000, 1.000000;;,
      5;3; 1.000000, 1.000000, 1.000000;;,
      6;3; 1.000000, 1.000000, 1.000000;;,
      7;3; 1.000000, 1.000000, 1.000000;;,
      8;3; 1.000000, 1.000000, 1.000000;;,
      9;3; 1.000000, 1.000000, 1.000000;;,
      10;3; 1.000000, 1.000000, 1.000000;;,
      11;3; 1.000000, 1.000000, 1.000000;;,
      12;3; 1.000000, 1.000000, 1.000000;;,
      13;3; 1.000000, 1.000000, 1.000000;;,
      14;3; 1.000000, 1.000000, 1.000000;;,
      15;3; 1.000000, 1.000000, 1.000000;;,
      16;3; 1.000000, 1.000000, 1.000000;;,
      17;3; 1.000000, 1.000000, 1.000000;;;
    }
    AnimationKey { // Position
      2;
      18;
      0;3;-0.000000, 0.053255, 0.024428;;,
      1;3;-0.000000, 0.053255, 0.024428;;,
      2;3;-0.000000, 0.053767, 0.023154;;,
      3;3; 0.000000, 0.055282, 0.019380;;,
      4;3; 0.000000, 0.057274, 0.014422;;,
      5;3; 0.000000, 0.058988, 0.010154;;,
      6;3;-0.000000, 0.060702, 0.005885;;,
      7;3; 0.000000, 0.062693, 0.000926;;,
      8;3;-0.000000, 0.064209,-0.002847;;,
      9;3; 0.000000, 0.064721,-0.004122;;,
      10;3;-0.000000, 0.064022, 0.001352;;,
      11;3;-0.000000, 0.062001, 0.015681;;,
      12;3; 0.000000, 0.059455, 0.030030;;,
      13;3; 0.000000, 0.057433, 0.035559;;,
      14;3;-0.000000, 0.055842, 0.034062;;,
      15;3; 0.000000, 0.054421, 0.030032;;,
      16;3; 0.000000, 0.053524, 0.025980;;,
      17;3;-0.000000, 0.053255, 0.024428;;;
    }
  }
  Animation {
    {Wolf_Skeleton_Brust}
    AnimationKey { // Rotation
      0;
      18;
      0;4;-0.950011,-0.312218,-0.000000,-0.000000;;,
      1;4;-0.950011,-0.312218,-0.000000,-0.000000;;,
      2;4;-0.954264,-0.298966,-0.000000,-0.000000;;,
      3;4;-0.962997,-0.269512,-0.000000,-0.000000;;,
      4;4;-0.972395,-0.233339,-0.000000, 0.000000;;,
      5;4;-0.980556,-0.196240, 0.000000,-0.000000;;,
      6;4;-0.986729,-0.162376, 0.000000,-0.000000;;,
      7;4;-0.990846,-0.134999, 0.000000,-0.000000;;,
      8;4;-0.993154,-0.116809, 0.000000,-0.000000;;,
      9;4;-0.993907,-0.110223,-0.000000,-0.000000;;,
      10;4;-0.993095,-0.117316,-0.000000,-0.000000;;,
      11;4;-0.990362,-0.138505,-0.000000,-0.000000;;,
      12;4;-0.985121,-0.171860,-0.000000,-0.000000;;,
      13;4;-0.977196,-0.212342,-0.000000,-0.000000;;,
      14;4;-0.967606,-0.252467,-0.000000,-0.000000;;,
      15;4;-0.958527,-0.285000,-0.000000,-0.000000;;,
      16;4;-0.952217,-0.305423,-0.000000,-0.000000;;,
      17;4;-0.950011,-0.312218,-0.000000,-0.000000;;;
    }
    AnimationKey { // Scale
      1;
      18;
      0;3; 1.000000, 1.000000, 1.000000;;,
      1;3; 1.000000, 1.000000, 1.000000;;,
      2;3; 1.000000, 1.000000, 1.000000;;,
      3;3; 1.000000, 1.000000, 1.000000;;,
      4;3; 1.000000, 1.000000, 1.000000;;,
      5;3; 1.000000, 1.000000, 1.000000;;,
      6;3; 1.000000, 1.000000, 1.000000;;,
      7;3; 1.000000, 1.000000, 1.000000;;,
      8;3; 1.000000, 1.000000, 1.000000;;,
      9;3; 1.000000, 1.000000, 1.000000;;,
      10;3; 1.000000, 1.000000, 1.000000;;,
      11;3; 1.000000, 1.000000, 1.000000;;,
      12;3; 1.000000, 1.000000, 1.000000;;,
      13;3; 1.000000, 1.000000, 1.000000;;,
      14;3; 1.000000, 1.000000, 1.000000;;,
      15;3; 1.000000, 1.000000, 1.000000;;,
      16;3; 1.000000, 1.000000, 1.000000;;,
      17;3; 1.000000, 1.000000, 1.000000;;;
    }
    AnimationKey { // Position
      2;
      18;
      0;3; 0.000000, 0.111034, 0.063862;;,
      1;3; 0.000000, 0.111034, 0.063862;;,
      2;3;-0.000000, 0.110742, 0.059528;;,
      3;3;-0.000000, 0.110104, 0.049994;;,
      4;3;-0.000000, 0.109330, 0.038441;;,
      5;3; 0.000000, 0.108545, 0.026716;;,
      6;3;-0.000000, 0.107832, 0.016081;;,
      7;3;-0.000000, 0.107257, 0.007501;;,
      8;3; 0.000000, 0.106875, 0.001799;;,
      9;3; 0.000000, 0.106737,-0.000267;;,
      10;3;-0.000000, 0.106886, 0.001958;;,
      11;3;-0.000000, 0.107331, 0.008600;;,
      12;3;-0.000000, 0.108032, 0.019058;;,
      13;3; 0.000000, 0.108885, 0.031797;;,
      14;3; 0.000000, 0.109739, 0.044537;;,
      15;3; 0.000000, 0.110440, 0.054994;;,
      16;3;-0.000000, 0.110884, 0.061637;;,
      17;3; 0.000000, 0.111034, 0.063862;;;
    }
  }
  Animation {
    {Wolf_Skeleton_Hals}
    AnimationKey { // Rotation
      0;
      18;
      0;4;-0.997262,-0.073946, 0.000000,-0.000000;;,
      1;4;-0.997262,-0.073946, 0.000000,-0.000000;;,
      2;4;-0.996317,-0.085741, 0.000000,-0.000000;;,
      3;4;-0.993741,-0.111706, 0.000000,-0.000000;;,
      4;4;-0.989700,-0.143156, 0.000000,-0.000000;;,
      5;4;-0.984575,-0.174961, 0.000000,-0.000000;;,
      6;4;-0.979047,-0.203633, 0.000000, 0.000000;;,
      7;4;-0.973991,-0.226587, 0.000000,-0.000000;;,
      8;4;-0.970342,-0.241737, 0.000000,-0.000000;;,
      9;4;-0.968964,-0.247203,-0.000000,-0.000000;;,
      10;4;-0.970447,-0.241316,-0.000000,-0.000000;;,
      11;4;-0.974668,-0.223657,-0.000000,-0.000000;;,
      12;4;-0.980677,-0.195633,-0.000000,-0.000000;;,
      13;4;-0.986921,-0.161206,-0.000000,-0.000000;;,
      14;4;-0.991957,-0.126579,-0.000000,-0.000000;;,
      15;4;-0.995177,-0.098092,-0.000000,-0.000000;;,
      16;4;-0.996795,-0.080002,-0.000000,-0.000000;;,
      17;4;-0.997262,-0.073946, 0.000000,-0.000000;;;
    }
    AnimationKey { // Scale
      1;
      18;
      0;3; 1.000000, 1.000000, 1.000000;;,
      1;3; 1.000000, 1.000000, 1.000000;;,
      2;3; 1.000000, 1.000000, 1.000000;;,
      3;3; 1.000000, 1.000000, 1.000000;;,
      4;3; 1.000000, 1.000000, 1.000000;;,
      5;3; 1.000000, 1.000000, 1.000000;;,
      6;3; 1.000000, 1.000000, 1.000000;;,
      7;3; 1.000000, 1.000000, 1.000000;;,
      8;3; 1.000000, 1.000000, 1.000000;;,
      9;3; 1.000000, 1.000000, 1.000000;;,
      10;3; 1.000000, 1.000000, 1.000000;;,
      11;3; 1.000000, 1.000000, 1.000000;;,
      12;3; 1.000000, 1.000000, 1.000000;;,
      13;3; 1.000000, 1.000000, 1.000000;;,
      14;3; 1.000000, 1.000000, 1.000000;;,
      15;3; 1.000000, 1.000000, 1.000000;;,
      16;3; 1.000000, 1.000000, 1.000000;;,
      17;3; 1.000000, 1.000000, 1.000000;;;
    }
    AnimationKey { // Position
      2;
      18;
      0;3;-0.000000, 0.126495, 0.075327;;,
      1;3;-0.000000, 0.126495, 0.075327;;,
      2;3; 0.000000, 0.128303, 0.076562;;,
      3;3; 0.000000, 0.132279, 0.079282;;,
      4;3; 0.000000, 0.137098, 0.082577;;,
      5;3; 0.000000, 0.141987, 0.085921;;,
      6;3; 0.000000, 0.146423, 0.088954;;,
      7;3; 0.000000, 0.150001, 0.091402;;,
      8;3; 0.000000, 0.152379, 0.093028;;,
      9;3; 0.000000, 0.153242, 0.093618;;,
      10;3;-0.000000, 0.152314, 0.092983;;,
      11;3; 0.000000, 0.149543, 0.091089;;,
      12;3;-0.000000, 0.145181, 0.088105;;,
      13;3; 0.000000, 0.139868, 0.084472;;,
      14;3; 0.000000, 0.134555, 0.080839;;,
      15;3;-0.000000, 0.130194, 0.077855;;,
      16;3; 0.000000, 0.127424, 0.075961;;,
      17;3; 0.000000, 0.126495, 0.075327;;;
    }
  }
  Animation {
    {Wolf_Skeleton_Kopf_002}
    AnimationKey { // Rotation
      0;
      18;
      0;4;-0.129232, 0.991614, 0.000030, 0.000060;;,
      1;4;-0.129232, 0.991614, 0.000030, 0.000060;;,
      2;4;-0.129232, 0.991614, 0.000030, 0.000060;;,
      3;4;-0.129232, 0.991614, 0.000030, 0.000060;;,
      4;4;-0.129231, 0.991615, 0.000030, 0.000060;;,
      5;4;-0.129231, 0.991615, 0.000030, 0.000060;;,
      6;4;-0.129231, 0.991615, 0.000030, 0.000060;;,
      7;4;-0.129232, 0.991614, 0.000030, 0.000060;;,
      8;4;-0.129231, 0.991615, 0.000030, 0.000060;;,
      9;4;-0.129232, 0.991614, 0.000030, 0.000060;;,
      10;4;-0.129232, 0.991614, 0.000030, 0.000060;;,
      11;4;-0.129232, 0.991614, 0.000030, 0.000060;;,
      12;4;-0.129231, 0.991615, 0.000030, 0.000060;;,
      13;4;-0.129231, 0.991615, 0.000030, 0.000060;;,
      14;4;-0.129232, 0.991614, 0.000030, 0.000060;;,
      15;4;-0.129232, 0.991614, 0.000030, 0.000060;;,
      16;4;-0.129231, 0.991615, 0.000030, 0.000060;;,
      17;4;-0.129232, 0.991614, 0.000030, 0.000060;;;
    }
    AnimationKey { // Scale
      1;
      18;
      0;3; 1.000000, 1.000000, 1.000001;;,
      1;3; 1.000000, 1.000000, 1.000001;;,
      2;3; 1.000000, 1.000000, 1.000000;;,
      3;3; 1.000000, 1.000000, 1.000000;;,
      4;3; 1.000000, 1.000000, 1.000000;;,
      5;3; 1.000000, 1.000000, 1.000000;;,
      6;3; 1.000000, 1.000000, 1.000000;;,
      7;3; 1.000000, 1.000000, 1.000000;;,
      8;3; 1.000000, 1.000000, 1.000000;;,
      9;3; 1.000000, 1.000000, 1.000001;;,
      10;3; 1.000000, 1.000000, 1.000000;;,
      11;3; 1.000000, 1.000000, 1.000001;;,
      12;3; 1.000000, 1.000000, 1.000001;;,
      13;3; 1.000000, 1.000000, 1.000000;;,
      14;3; 1.000000, 1.000000, 1.000001;;,
      15;3; 1.000000, 1.000000, 1.000001;;,
      16;3; 1.000000, 1.000000, 1.000000;;,
      17;3; 1.000000, 1.000000, 1.000001;;;
    }
    AnimationKey { // Position
      2;
      18;
      0;3;-0.000003, 0.175259, 0.026518;;,
      1;3;-0.000003, 0.175259, 0.026518;;,
      2;3;-0.000003, 0.175259, 0.026518;;,
      3;3;-0.000003, 0.175259, 0.026518;;,
      4;3;-0.000003, 0.175259, 0.026518;;,
      5;3;-0.000003, 0.175259, 0.026518;;,
      6;3;-0.000003, 0.175259, 0.026518;;,
      7;3;-0.000003, 0.175259, 0.026518;;,
      8;3;-0.000003, 0.175259, 0.026517;;,
      9;3;-0.000003, 0.175259, 0.026518;;,
      10;3;-0.000003, 0.175259, 0.026518;;,
