xof 0303txt 0032

template AnimTicksPerSecond {
  <9E415A43-7BA6-4a73-8743-B73D47E88476>
  DWORD AnimTicksPerSecond;
}

template XSkinMeshHeader {
  <3cf169ce-ff7c-44ab-93c0-f78f62d172e2>
  WORD nMaxSkinWeightsPerVertex;
  WORD nMaxSkinWeightsPerFace;
  WORD nBones;
}

template SkinWeights {
  <6f0d123b-bad2-4167-a0d0-80224f25fabb>
  STRING transformNodeName;
  DWORD nWeights;
  array DWORD vertexIndices[nWeights];
  array float weights[nWeights];
  Matrix4x4 matrixOffset;
}

Frame Root {
  FrameTransformMatrix {
     1.000000, 0.000000, 0.000000, 0.000000,
     0.000000,-0.000000, 1.000000, 0.000000,
     0.000000, 1.000000, 0.000000, 0.000000,
     0.000000, 0.000000, 0.000000, 1.000000;;
  }
  Frame Wolf_Skeleton {
    FrameTransformMatrix {
       1.000000, 0.000000, 0.000000, 0.000000,
       0.000000, 1.000000, 0.000000, 0.000000,
       0.000000, 0.000000, 1.000000, 0.000000,
       0.000000, 0.000000, 0.000000, 1.000000;;
    }
    Frame Wolf_Skeleton_root {
      FrameTransformMatrix {
         1.000000, 0.000000, 0.000000, 0.000000,
        -0.000000,-0.000000, 1.000000, 0.000000,
         0.000000,-1.000000,-0.000000, 0.000000,
         0.000000, 0.000000, 0.000000, 1.000000;;
      }
      Frame Wolf_Skeleton_Becken {
        FrameTransformMatrix {
           1.000000, 0.000000, 0.000000, 0.000000,
          -0.000000,-0.187895, 0.982189, 0.000000,
           0.000000,-0.982189,-0.187895, 0.000000,
           0.000000, 0.405722,-0.211570, 1.000000;;
        }
        Frame Wolf_Skeleton_Bauch {
          FrameTransformMatrix {
             1.000000,-0.000000, 0.000000, 0.000000,
             0.000000, 0.975896,-0.218235, 0.000000,
            -0.000000, 0.218235, 0.975896, 0.000000,
             0.000000, 0.094042,-0.035591, 1.000000;;
          }
          Frame Wolf_Skeleton_Bauch_001 {
            FrameTransformMatrix {
               1.000000, 0.000000,-0.000000, 0.000000,
              -0.000000, 0.999152,-0.041168, 0.000000,
               0.000000, 0.041168, 0.999152, 0.000000,
              -0.000000, 0.108190,-0.000000, 1.000000;;
            }
            Frame Wolf_Skeleton_Brust {
              FrameTransformMatrix {
                 1.000000, 0.000000, 0.000000, 0.000000,
                 0.000000, 0.964075,-0.265630, 0.000000,
                -0.000000, 0.265630, 0.964075, 0.000000,
                -0.000000, 0.106983,-0.000000, 1.000000;;
              }
              Frame Wolf_Skeleton_Bauch_003 {
                FrameTransformMatrix {
                   1.000000,-0.000000,-0.000000, 0.000000,
                   0.000000,-0.739396, 0.673271, 0.000000,
                  -0.000000,-0.673271,-0.739397, 0.000000,
                  -0.000000, 0.127687,-0.060796, 1.000000;;
                }
                Frame Wolf_Skeleton_Schalterplatte_L {
                  FrameTransformMatrix {
                     0.879058,-0.475969, 0.026654, 0.000000,
                     0.200982, 0.319329,-0.926086, 0.000000,
                     0.432277, 0.819440, 0.376370, 0.000000,
                     0.038208, 0.089257, 0.000000, 1.000000;;
                  }
                  Frame Wolf_Skeleton_Oberarm_L {
                    FrameTransformMatrix {
                       0.885989, 0.204740, 0.416059, 0.000000,
                      -0.461728, 0.306737, 0.832297, 0.000000,
                       0.042783,-0.929513, 0.366300, 0.000000,
                       0.000000, 0.141863,-0.000000, 1.000000;;
                    }
                    Frame Wolf_Skeleton_Unterarm_L {
                      FrameTransformMatrix {
                         0.999959,-0.007737, 0.004629, 0.000000,
                         0.008927, 0.777413,-0.628927, 0.000000,
                         0.001267, 0.628943, 0.777451, 0.000000,
                         0.000000, 0.202823, 0.000000, 1.000000;;
                      }
                      Frame Wolf_Skeleton_Vorderpfote_L {
                        FrameTransformMatrix {
                           0.999719, 0.015264, 0.018148, 0.000000,
                           0.015276, 0.170823,-0.985183, 0.000000,
                          -0.018138, 0.985183, 0.170541, 0.000000,
                          -0.000000, 0.170595, 0.000000, 1.000000;;
                        }
                      } // End of Wolf_Skeleton_Vorderpfote_L
                    } // End of Wolf_Skeleton_Unterarm_L
                  } // End of Wolf_Skeleton_Oberarm_L
                } // End of Wolf_Skeleton_Schalterplatte_L
                Frame Wolf_Skeleton_Schalterplatte_R {
                  FrameTransformMatrix {
                     0.879058, 0.475969,-0.026654, 0.000000,
                    -0.200982, 0.319329,-0.926086, 0.000000,
                    -0.432277, 0.819440, 0.376370, 0.000000,
                    -0.038208, 0.089257, 0.000000, 1.000000;;
                  }
                  Frame Wolf_Skeleton_Oberarm_R {
                    FrameTransformMatrix {
                       0.885989,-0.204740,-0.416059, 0.000000,
                       0.461728, 0.306737, 0.832297, 0.000000,
                      -0.042783,-0.929513, 0.366300, 0.000000,
                      -0.000000, 0.141863,-0.000000, 1.000000;;
                    }
                    Frame Wolf_Skeleton_Unterarm_R {
                      FrameTransformMatrix {
                         0.999959, 0.007737,-0.004629, 0.000000,
                        -0.008927, 0.777413,-0.628928, 0.000000,
                        -0.001267, 0.628943, 0.777450, 0.000000,
                        -0.000000, 0.202823, 0.000000, 1.000000;;
                      }
                      Frame Wolf_Skeleton_Vorderpfote_R {
                        FrameTransformMatrix {
                           0.995888,-0.085396,-0.030226, 0.000000,
                          -0.015253, 0.170823,-0.985183, 0.000000,
                           0.089295, 0.981594, 0.168818, 0.000000,
                          -0.000000, 0.170594,-0.000000, 1.000000;;
                        }
                      } // End of Wolf_Skeleton_Vorderpfote_R
                    } // End of Wolf_Skeleton_Unterarm_R
                  } // End of Wolf_Skeleton_Oberarm_R
                } // End of Wolf_Skeleton_Schalterplatte_R
              } // End of Wolf_Skeleton_Bauch_003
              Frame Wolf_Skeleton_Hals {
                FrameTransformMatrix {
                   1.000000,-0.000000,-0.000000, 0.000000,
                  -0.000000, 0.683563,-0.729891, 0.000000,
                   0.000000, 0.729891, 0.683563, 0.000000,
                   0.000000, 0.125802, 0.060796, 1.000000;;
                }
                Frame Wolf_Skeleton_Kopf_002 {
                  FrameTransformMatrix {
                     1.000000, 0.000000,-0.000000, 0.000000,
                    -0.000000,-0.950609, 0.310391, 0.000000,
                    -0.000000,-0.310391,-0.950610, 0.000000,
                    -0.000000, 0.158302,-0.000000, 1.000000;;
                  }
                  Frame Wolf_Skeleton_Kopf {
                    FrameTransformMatrix {
                       0.999999,-0.001567, 0.000401, 0.000000,
                      -0.000249,-0.394391,-0.918943, 0.000000,
                       0.001599, 0.918941,-0.394390, 0.000000,
                       0.000000, 0.101578,-0.000000, 1.000000;;
                    }
                    Frame Wolf_Skeleton_Braun_O_L {
                      FrameTransformMatrix {
                        -0.215072,-0.841501, 0.495601, 0.000000,
                        -0.651372, 0.501713, 0.569209, 0.000000,
                        -0.727639,-0.200400,-0.656035, 0.000000,
                         0.037061, 0.098019,-0.032925, 1.000000;;
                      }
                    } // End of Wolf_Skeleton_Braun_O_L
                    Frame Wolf_Skeleton_Braun_O_R {
                      FrameTransformMatrix {
                        -0.213067, 0.841608,-0.496285, 0.000000,
                         0.649799, 0.501389, 0.571289, 0.000000,
                         0.729633,-0.200763,-0.653705, 0.000000,
                        -0.036907, 0.098037,-0.033043, 1.000000;;
                      }
                    } // End of Wolf_Skeleton_Braun_O_R
                    Frame Wolf_Skeleton_Mauloben {
                      FrameTransformMatrix {
                         0.999999,-0.000249, 0.001599, 0.000000,
                        -0.000551, 0.876499, 0.481403, 0.000000,
                        -0.001521,-0.481403, 0.876498, 0.000000,
                        -0.000041, 0.091015, 0.040036, 1.000000;;
                      }
                    } // End of Wolf_Skeleton_Mauloben
                    Frame Wolf_Skeleton_MundW_L {
                      FrameTransformMatrix {
                        -0.905607,-0.423681, 0.019248, 0.000000,
                        -0.397754, 0.864190, 0.308169, 0.000000,
                        -0.147199, 0.271424,-0.951137, 0.000000,
                         0.036185, 0.067305, 0.037514, 1.000000;;
                      }
                    } // End of Wolf_Skeleton_MundW_L
                    Frame Wolf_Skeleton_MundW_R {
                      FrameTransformMatrix {
                        -0.905320, 0.424154,-0.022124, 0.000000,
                         0.397224, 0.863981, 0.309435, 0.000000,
                         0.150363, 0.271350,-0.950663, 0.000000,
                        -0.036271, 0.067323, 0.037398, 1.000000;;
                      }
                    } // End of Wolf_Skeleton_MundW_R
                    Frame Wolf_Skeleton_Ohr_L {
                      FrameTransformMatrix {
                         0.965170, 0.082900, 0.248141, 0.000000,
                         0.155700, 0.580206,-0.799449, 0.000000,
                        -0.210247, 0.810240, 0.547090, 0.000000,
                         0.036601, 0.064078,-0.068933, 1.000000;;
                      }
                    } // End of Wolf_Skeleton_Ohr_L
                    Frame Wolf_Skeleton_Ohr_R {
                      FrameTransformMatrix {
                         0.965917,-0.083381,-0.245054, 0.000000,
                        -0.152854, 0.580283,-0.799942, 0.000000,
                         0.208900, 0.810136, 0.547760, 0.000000,
                        -0.036349, 0.064096,-0.069050, 1.000000;;
                      }
                    } // End of Wolf_Skeleton_Ohr_R
                    Frame Wolf_Skeleton_Unterkiefer {
                      FrameTransformMatrix {
                         0.998833, 0.033649,-0.034647, 0.000000,
                         0.019858, 0.367792, 0.929696, 0.000000,
                         0.044026,-0.929299, 0.366695, 0.000000,
                        -0.000456, 0.063705, 0.040607, 1.000000;;
                      }
                      Frame Wolf_Skeleton_Hals_fett {
                        FrameTransformMatrix {
                           0.998768, 0.021253, 0.044844, 0.000000,
                          -0.049424, 0.507204, 0.860408, 0.000000,
                          -0.004459,-0.861564, 0.507629, 0.000000,
                          -0.000772, 0.029982, 0.012065, 1.000000;;
                        }
                      } // End of Wolf_Skeleton_Hals_fett
                      Frame Wolf_Skeleton_Maulunten {
                        FrameTransformMatrix {
                           0.998768, 0.021253, 0.044844, 0.000000,
                           0.011697, 0.777376,-0.628928, 0.000000,
                          -0.048227, 0.628677, 0.776170, 0.000000,
                           0.000772, 0.008319,-0.012065, 1.000000;;
                        }
                      } // End of Wolf_Skeleton_Maulunten
                    } // End of Wolf_Skeleton_Unterkiefer
                    Frame Wolf_Skeleton_aug_lied_O_L {
                      FrameTransformMatrix {
                        -0.470102,-0.879511, 0.073916, 0.000000,
                        -0.815561, 0.464881, 0.344593, 0.000000,
                        -0.337436, 0.101711,-0.935837, 0.000000,
                         0.032715, 0.103888,-0.016081, 1.000000;;
                      }
                    } // End of Wolf_Skeleton_aug_lied_O_L
                    Frame Wolf_Skeleton_aug_lied_O_R {
                      FrameTransformMatrix {
                        -0.469425, 0.879746,-0.075418, 0.000000,
                         0.814687, 0.464475, 0.347200, 0.000000,
                         0.340477, 0.101542,-0.934754, 0.000000,
                        -0.032611, 0.103905,-0.016185, 1.000000;;
                      }
                    } // End of Wolf_Skeleton_aug_lied_O_R
                    Frame Wolf_Skeleton_aug_lied_U_L {
                      FrameTransformMatrix {
                        -0.319276,-0.896295, 0.307763, 0.000000,
                        -0.760608, 0.436084, 0.480943, 0.000000,
                        -0.565277,-0.080533,-0.820961, 0.000000,
                         0.033129, 0.102192,-0.013384, 1.000000;;
                      }
                    } // End of Wolf_Skeleton_aug_lied_U_L
                    Frame Wolf_Skeleton_aug_lied_U_R {
                      FrameTransformMatrix {
                        -0.317843, 0.896454,-0.308781, 0.000000,
                         0.759284, 0.435705, 0.483373, 0.000000,
                         0.567859,-0.080816,-0.819149, 0.000000,
                        -0.033035, 0.102208,-0.013489, 1.000000;;
                      }
                    } // End of Wolf_Skeleton_aug_lied_U_R
                  } // End of Wolf_Skeleton_Kopf
                } // End of Wolf_Skeleton_Kopf_002
              } // End of Wolf_Skeleton_Hals
            } // End of Wolf_Skeleton_Brust
          } // End of Wolf_Skeleton_Bauch_001
        } // End of Wolf_Skeleton_Bauch
        Frame Wolf_Skeleton_Oberschenkel_L {
          FrameTransformMatrix {
             0.991533, 0.068987,-0.110014, 0.000000,
             0.088429, 0.261690, 0.961092, 0.000000,
             0.095092,-0.962683, 0.253374, 0.000000,
             0.058370, 0.054300, 0.011532, 1.000000;;
          }
          Frame Wolf_Skeleton_Unterschenkel_L {
            FrameTransformMatrix {
               0.988714, 0.096921, 0.114239, 0.000000,
              -0.146536, 0.784292, 0.602837, 0.000000,
              -0.031169,-0.612774, 0.789643, 0.000000,
               0.000000, 0.168644, 0.000000, 1.000000;;
            }
            Frame Wolf_Skeleton_Pfote1_L {
              FrameTransformMatrix {
                 0.991600,-0.125300,-0.032092, 0.000000,
                 0.087469, 0.832379,-0.547260, 0.000000,
                 0.095284, 0.539856, 0.836347, 0.000000,
                 0.000000, 0.119090,-0.000000, 1.000000;;
              }
              Frame Wolf_Skeleton_Pfote2_L {
                FrameTransformMatrix {
                   0.994032, 0.077428, 0.076846, 0.000000,
                   0.077462,-0.004975,-0.996983, 0.000000,
                  -0.076812, 0.996986,-0.010943, 0.000000,
                  -0.000000, 0.098763, 0.000000, 1.000000;;
                }
              } // End of Wolf_Skeleton_Pfote2_L
            } // End of Wolf_Skeleton_Pfote1_L
          } // End of Wolf_Skeleton_Unterschenkel_L
        } // End of Wolf_Skeleton_Oberschenkel_L
        Frame Wolf_Skeleton_Oberschenkel_R {
          FrameTransformMatrix {
             0.991533,-0.068986, 0.110013, 0.000000,
            -0.088428, 0.261690, 0.961093, 0.000000,
            -0.095091,-0.962683, 0.253374, 0.000000,
            -0.058370, 0.054300, 0.011532, 1.000000;;
          }
          Frame Wolf_Skeleton_Unterschenkel_R {
            FrameTransformMatrix {
               0.988714,-0.096920,-0.114239, 0.000000,
               0.146535, 0.784293, 0.602837, 0.000000,
               0.031169,-0.612774, 0.789644, 0.000000,
               0.000000, 0.168645, 0.000000, 1.000000;;
            }
            Frame Wolf_Skeleton_Pfote1_R {
              FrameTransformMatrix {
                 0.991600, 0.125299, 0.032092, 0.000000,
                -0.087469, 0.832385,-0.547252, 0.000000,
                -0.095283, 0.539848, 0.836352, 0.000000,
                -0.000000, 0.119090,-0.000000, 1.000000;;
              }
              Frame Wolf_Skeleton_Pfote2_R {
                FrameTransformMatrix {
                  -0.994032, 0.077428, 0.076846, 0.000000,
                  -0.077462,-0.004985,-0.996983, 0.000000,
                  -0.076811,-0.996985, 0.010953, 0.000000,
                  -0.000000, 0.098762, 0.000000, 1.000000;;
                }
              } // End of Wolf_Skeleton_Pfote2_R
            } // End of Wolf_Skeleton_Pfote1_R
          } // End of Wolf_Skeleton_Unterschenkel_R
        } // End of Wolf_Skeleton_Oberschenkel_R
        Frame Wolf_Skeleton_Schwanz {
          FrameTransformMatrix {
             1.000000,-0.000000, 0.000000, 0.000000,
            -0.000000,-0.855324, 0.518093, 0.000000,
             0.000000,-0.518093,-0.855325, 0.000000,
            -0.000000,-0.002795, 0.012527, 1.000000;;
          }
          Frame Wolf_Skeleton_Schwanz_001 {
            FrameTransformMatrix {
               1.000000,-0.000000,-0.000000, 0.000000,
               0.000000, 0.991250, 0.131998, 0.000000,
               0.000000,-0.131998, 0.991250, 0.000000,
              -0.000000, 0.091043, 0.000000, 1.000000;;
            }
            Frame Wolf_Skeleton_Schwanz_002 {
              FrameTransformMatrix {
                 1.000000, 0.000000,-0.000000, 0.000000,
                -0.000000, 0.971068, 0.238804, 0.000000,
                 0.000000,-0.238804, 0.971068, 0.000000,
                 0.000000, 0.078557,-0.000000, 1.000000;;
              }
              Frame Wolf_Skeleton_Schwanz_003 {
                FrameTransformMatrix {
                   1.000000,-0.000000, 0.000000, 0.000000,
                   0.000000, 0.979563, 0.201139, 0.000000,
                  -0.000000,-0.201139, 0.979563, 0.000000,
                  -0.000000, 0.083503, 0.000000, 1.000000;;
                }
              } // End of Wolf_Skeleton_Schwanz_003
            } // End of Wolf_Skeleton_Schwanz_002
          } // End of Wolf_Skeleton_Schwanz_001
        } // End of Wolf_Skeleton_Schwanz
      } // End of Wolf_Skeleton_Becken
    } // End of Wolf_Skeleton_root
  } // End of Wolf_Skeleton
} // End of Root
AnimTicksPerSecond {
  30;
}
AnimationSet _000 {
  Animation {
    {Wolf_Skeleton}
    AnimationKey { // Rotation
      0;
      10;
      0;4;-1.000000, 0.000000, 0.000000, 0.000000;;,
      1;4;-1.000000, 0.000000, 0.000000, 0.000000;;,
      2;4;-1.000000, 0.000000, 0.000000, 0.000000;;,
      3;4;-1.000000, 0.000000, 0.000000, 0.000000;;,
      4;4;-1.000000, 0.000000, 0.000000, 0.000000;;,
      5;4;-1.000000, 0.000000, 0.000000, 0.000000;;,
      6;4;-1.000000, 0.000000, 0.000000, 0.000000;;,
      7;4;-1.000000, 0.000000, 0.000000, 0.000000;;,
      8;4;-1.000000, 0.000000, 0.000000, 0.000000;;,
      9;4;-1.000000, 0.000000, 0.000000, 0.000000;;;
    }
    AnimationKey { // Scale
      1;
      10;
      0;3; 1.000000, 1.000000, 1.000000;;,
      1;3; 1.000000, 1.000000, 1.000000;;,
      2;3; 1.000000, 1.000000, 1.000000;;,
      3;3; 1.000000, 1.000000, 1.000000;;,
      4;3; 1.000000, 1.000000, 1.000000;;,
      5;3; 1.000000, 1.000000, 1.000000;;,
      6;3; 1.000000, 1.000000, 1.000000;;,
      7;3; 1.000000, 1.000000, 1.000000;;,
      8;3; 1.000000, 1.000000, 1.000000;;,
      9;3; 1.000000, 1.000000, 1.000000;;;
    }
    AnimationKey { // Position
      2;
      10;
      0;3; 0.000000, 0.000000, 0.000000;;,
      1;3; 0.000000, 0.000000, 0.000000;;,
      2;3; 0.000000, 0.000000, 0.000000;;,
      3;3; 0.000000, 0.000000, 0.000000;;,
      4;3; 0.000000, 0.000000, 0.000000;;,
      5;3; 0.000000, 0.000000, 0.000000;;,
      6;3; 0.000000, 0.000000, 0.000000;;,
      7;3; 0.000000, 0.000000, 0.000000;;,
      8;3; 0.000000, 0.000000, 0.000000;;,
      9;3; 0.000000, 0.000000, 0.000000;;;
    }
  }
  Animation {
    {Wolf_Skeleton_root}
    AnimationKey { // Rotation
      0;
      10;
      0;4;-0.707107, 0.707107, 0.000000, 0.000000;;,
      1;4;-0.707107, 0.707107, 0.000000, 0.000000;;,
      2;4;-0.707107, 0.707107, 0.000000, 0.000000;;,
      3;4;-0.707107, 0.707107, 0.000000, 0.000000;;,
      4;4;-0.707107, 0.707107, 0.000000, 0.000000;;,
      5;4;-0.707107, 0.707107, 0.000000, 0.000000;;,
      6;4;-0.707107, 0.707107, 0.000000, 0.000000;;,
      7;4;-0.707107, 0.707107, 0.000000, 0.000000;;,
      8;4;-0.707107, 0.707107, 0.000000, 0.000000;;,
      9;4;-0.707107, 0.707107, 0.000000, 0.000000;;;
    }
    AnimationKey { // Scale
      1;
      10;
      0;3; 1.000000, 1.000000, 1.000000;;,
      1;3; 1.000000, 1.000000, 1.000000;;,
      2;3; 1.000000, 1.000000, 1.000000;;,
      3;3; 1.000000, 1.000000, 1.000000;;,
      4;3; 1.000000, 1.000000, 1.000000;;,
      5;3; 1.000000, 1.000000, 1.000000;;,
      6;3; 1.000000, 1.000000, 1.000000;;,
      7;3; 1.000000, 1.000000, 1.000000;;,
      8;3; 1.000000, 1.000000, 1.000000;;,
      9;3; 1.000000, 1.000000, 1.000000;;;
    }
    AnimationKey { // Position
      2;
      10;
      0;3; 0.000000, 0.000000, 0.000000;;,
      1;3; 0.000000, 0.000000, 0.000000;;,
      2;3; 0.000000, 0.000000, 0.000000;;,
      3;3; 0.000000, 0.000000, 0.000000;;,
      4;3; 0.000000, 0.000000, 0.000000;;,
      5;3; 0.000000, 0.000000, 0.000000;;,
      6;3; 0.000000, 0.000000, 0.000000;;,
      7;3; 0.000000, 0.000000, 0.000000;;,
      8;3; 0.000000, 0.000000, 0.000000;;,
      9;3; 0.000000, 0.000000, 0.000000;;;
    }
  }
  Animation {
    {Wolf_Skeleton_Becken}
    AnimationKey { // Rotation
      0;
      10;
      0;4;-0.637223, 0.770680,-0.000000, 0.000000;;,
      1;4;-0.637223, 0.770680,-0.000000, 0.000000;;,
      2;4;-0.637223, 0.770680,-0.000000, 0.000000;;,
      3;4;-0.637223, 0.770680,-0.000000, 0.000000;;,
      4;4;-0.637223, 0.770680,-0.000000, 0.000000;;,
      5;4;-0.637223, 0.770680,-0.000000, 0.000000;;,
      6;4;-0.637223, 0.770680,-0.000000, 0.000000;;,
      7;4;-0.637223, 0.770680,-0.000000, 0.000000;;,
      8;4;-0.637223, 0.770680,-0.000000, 0.000000;;,
      9;4;-0.637223, 0.770680,-0.000000, 0.000000;;;
    }
    AnimationKey { // Scale
      1;
      10;
      0;3; 1.000000, 1.000000, 1.000000;;,
      1;3; 1.000000, 1.000000, 1.000000;;,
      2;3; 1.000000, 1.000000, 1.000000;;,
      3;3; 1.000000, 1.000000, 1.000000;;,
      4;3; 1.000000, 1.000000, 1.000000;;,
      5;3; 1.000000, 1.000000, 1.000000;;,
      6;3; 1.000000, 1.000000, 1.000000;;,
      7;3; 1.000000, 1.000000, 1.000000;;,
      8;3; 1.000000, 1.000000, 1.000000;;,
      9;3; 1.000000, 1.000000, 1.000000;;;
    }
    AnimationKey { // Position
      2;
      10;
      0;3; 0.000000, 0.405722,-0.211570;;,
      1;3; 0.000000, 0.405722,-0.211570;;,
      2;3; 0.000000, 0.405722,-0.211570;;,
      3;3; 0.000000, 0.405722,-0.211570;;,
      4;3; 0.000000, 0.405722,-0.211570;;,
      5;3; 0.000000, 0.405722,-0.211570;;,
      6;3; 0.000000, 0.405722,-0.211570;;,
      7;3; 0.000000, 0.405722,-0.211570;;,
      8;3; 0.000000, 0.405722,-0.211570;;,
      9;3; 0.000000, 0.405722,-0.211570;;;
    }
  }
  Animation {
    {Wolf_Skeleton_Bauch}
    AnimationKey { // Rotation
      0;
      10;
      0;4;-0.993956,-0.109781,-0.000000,-0.000000;;,
      1;4;-0.993956,-0.109781,-0.000000,-0.000000;;,
      2;4;-0.993956,-0.109781,-0.000000,-0.000000;;,
      3;4;-0.993956,-0.109781,-0.000000,-0.000000;;,
      4;4;-0.993956,-0.109781,-0.000000,-0.000000;;,
      5;4;-0.993956,-0.109781,-0.000000,-0.000000;;,
      6;4;-0.993956,-0.109781,-0.000000,-0.000000;;,
      7;4;-0.993956,-0.109781,-0.000000,-0.000000;;,
      8;4;-0.993956,-0.109781,-0.000000,-0.000000;;,
      9;4;-0.993956,-0.109781,-0.000000,-0.000000;;;
    }
    AnimationKey { // Scale
      1;
      10;
      0;3; 1.000000, 1.000000, 1.000000;;,
      1;3; 1.000000, 1.000000, 1.000000;;,
      2;3; 1.000000, 1.000000, 1.000000;;,
      3;3; 1.000000, 1.000000, 1.000000;;,
      4;3; 1.000000, 1.000000, 1.000000;;,
      5;3; 1.000000, 1.000000, 1.000000;;,
      6;3; 1.000000, 1.000000, 1.000000;;,
      7;3; 1.000000, 1.000000, 1.000000;;,
      8;3; 1.000000, 1.000000, 1.000000;;,
      9;3; 1.000000, 1.000000, 1.000000;;;
    }
    AnimationKey { // Position
      2;
      10;
      0;3; 0.000000, 0.094042,-0.035591;;,
      1;3; 0.000000, 0.094042,-0.035591;;,
      2;3; 0.000000, 0.094042,-0.035591;;,
      3;3; 0.000000, 0.094042,-0.035591;;,
      4;3; 0.000000, 0.094042,-0.035591;;,
      5;3; 0.000000, 0.094042,-0.035591;;,
      6;3; 0.000000, 0.094042,-0.035591;;,
      7;3; 0.000000, 0.094042,-0.035591;;,
      8;3; 0.000000, 0.094042,-0.035591;;,
      9;3; 0.000000, 0.094042,-0.035591;;;
    }
  }
  Animation {
    {Wolf_Skeleton_Bauch_001}
    AnimationKey { // Rotation
      0;
      10;
      0;4;-0.999788,-0.020589, 0.000000, 0.000000;;,
      1;4;-0.999788,-0.020589, 0.000000, 0.000000;;,
      2;4;-0.999788,-0.020589, 0.000000, 0.000000;;,
      3;4;-0.999788,-0.020589, 0.000000, 0.000000;;,
      4;4;-0.999788,-0.020589, 0.000000, 0.000000;;,
      5;4;-0.999788,-0.020589, 0.000000, 0.000000;;,
      6;4;-0.999788,-0.020589, 0.000000, 0.000000;;,
      7;4;-0.999788,-0.020589, 0.000000, 0.000000;;,
      8;4;-0.999788,-0.020589, 0.000000, 0.000000;;,
      9;4;-0.999788,-0.020589, 0.000000, 0.000000;;;
    }
    AnimationKey { // Scale
      1;
      10;
      0;3; 1.000000, 1.000000, 1.000000;;,
      1;3; 1.000000, 1.000000, 1.000000;;,
      2;3; 1.000000, 1.000000, 1.000000;;,
      3;3; 1.000000, 1.000000, 1.000000;;,
      4;3; 1.000000, 1.000000, 1.000000;;,
      5;3; 1.000000, 1.000000, 1.000000;;,
      6;3; 1.000000, 1.000000, 1.000000;;,
      7;3; 1.000000, 1.000000, 1.000000;;,
      8;3; 1.000000, 1.000000, 1.000000;;,
      9;3; 1.000000, 1.000000, 1.000000;;;
    }
    AnimationKey { // Position
      2;
      10;
      0;3;-0.000000, 0.108190,-0.000000;;,
      1;3;-0.000000, 0.108190,-0.000000;;,
      2;3;-0.000000, 0.108190,-0.000000;;,
      3;3;-0.000000, 0.108190,-0.000000;;,
      4;3;-0.000000, 0.108190,-0.000000;;,
      5;3;-0.000000, 0.108190,-0.000000;;,
      6;3;-0.000000, 0.108190,-0.000000;;,
      7;3;-0.000000, 0.108190,-0.000000;;,
      8;3;-0.000000, 0.108190,-0.000000;;,
      9;3;-0.000000, 0.108190,-0.000000;;;
    }
  }
  Animation {
    {Wolf_Skeleton_Brust}
    AnimationKey { // Rotation
      0;
      10;
      0;4;-0.990978,-0.134024,-0.000000,-0.000000;;,
      1;4;-0.990978,-0.134024,-0.000000,-0.000000;;,
      2;4;-0.990978,-0.134024,-0.000000,-0.000000;;,
      3;4;-0.990978,-0.134024,-0.000000,-0.000000;;,
      4;4;-0.990978,-0.134024,-0.000000,-0.000000;;,
      5;4;-0.990978,-0.134024,-0.000000,-0.000000;;,
      6;4;-0.990978,-0.134024,-0.000000,-0.000000;;,
      7;4;-0.990978,-0.134024,-0.000000,-0.000000;;,
      8;4;-0.990978,-0.134024,-0.000000,-0.000000;;,
      9;4;-0.990978,-0.134024,-0.000000,-0.000000;;;
    }
    AnimationKey { // Scale
      1;
      10;
      0;3; 1.000000, 1.000000, 1.000000;;,
      1;3; 1.000000, 1.000000, 1.000000;;,
      2;3; 1.000000, 1.000000, 1.000000;;,
      3;3; 1.000000, 1.000000, 1.000000;;,
      4;3; 1.000000, 1.000000, 1.000000;;,
      5;3; 1.000000, 1.000000, 1.000000;;,
      6;3; 1.000000, 1.000000, 1.000000;;,
      7;3; 1.000000, 1.000000, 1.000000;;,
      8;3; 1.000000, 1.000000, 1.000000;;,
      9;3; 1.000000, 1.000000, 1.000000;;;
    }
    AnimationKey { // Position
      2;
      10;
      0;3;-0.000000, 0.106983,-0.000000;;,
      1;3;-0.000000, 0.106983,-0.000000;;,
      2;3;-0.000000, 0.106983,-0.000000;;,
      3;3;-0.000000, 0.106983,-0.000000;;,
      4;3;-0.000000, 0.106983,-0.000000;;,
      5;3;-0.000000, 0.106983,-0.000000;;,
      6;3;-0.000000, 0.106983,-0.000000;;,
      7;3;-0.000000, 0.106983,-0.000000;;,
      8;3;-0.000000, 0.106983,-0.000000;;,
      9;3;-0.000000, 0.106983,-0.000000;;;
    }
  }
  Animation {
    {Wolf_Skeleton_Hals}
    AnimationKey { // Rotation
      0;
      10;
      0;4;-0.917487,-0.397767, 0.000000, 0.000000;;,
      1;4;-0.917487,-0.397767, 0.000000, 0.000000;;,
      2;4;-0.917487,-0.397767, 0.000000, 0.000000;;,
      3;4;-0.917487,-0.397767, 0.000000, 0.000000;;,
      4;4;-0.917487,-0.397767, 0.000000, 0.000000;;,
      5;4;-0.917487,-0.397767, 0.000000, 0.000000;;,
      6;4;-0.917487,-0.397767, 0.000000, 0.000000;;,
      7;4;-0.917487,-0.397767, 0.000000, 0.000000;;,
      8;4;-0.917487,-0.397767, 0.000000, 0.000000;;,
      9;4;-0.917487,-0.397767, 0.000000, 0.000000;;;
    }
    AnimationKey { // Scale
      1;
      10;
      0;3; 1.000000, 1.000000, 1.000000;;,
      1;3; 1.000000, 1.000000, 1.000000;;,
      2;3; 1.000000, 1.000000, 1.000000;;,
      3;3; 1.000000, 1.000000, 1.000000;;,
      4;3; 1.000000, 1.000000, 1.000000;;,
      5;3; 1.000000, 1.000000, 1.000000;;,
      6;3; 1.000000, 1.000000, 1.000000;;,
      7;3; 1.000000, 1.000000, 1.000000;;,
      8;3; 1.000000, 1.000000, 1.000000;;,
      9;3; 1.000000, 1.000000, 1.000000;;;
    }
    AnimationKey { // Position
      2;
      10;
      0;3; 0.000000, 0.125802, 0.060796;;,
      1;3; 0.000000, 0.125802, 0.060796;;,
      2;3; 0.000000, 0.125802, 0.060796;;,
      3;3; 0.000000, 0.125802, 0.060796;;,
      4;3; 0.000000, 0.125802, 0.060796;;,
      5;3; 0.000000, 0.125802, 0.060796;;,
      6;3; 0.000000, 0.125802, 0.060796;;,
      7;3; 0.000000, 0.125802, 0.060796;;,
      8;3; 0.000000, 0.125802, 0.060796;;,
      9;3; 0.000000, 0.125802, 0.060796;;;
    }
  }
  Animation {
    {Wolf_Skeleton_Kopf_002}
    AnimationKey { // Rotation
      0;
      10;
      0;4;-0.157148, 0.987575, 0.000000, 0.000000;;,
      1;4;-0.157148, 0.987575, 0.000000, 0.000000;;,
      2;4;-0.157148, 0.987575, 0.000000, 0.000000;;,
      3;4;-0.157148, 0.987575, 0.000000, 0.000000;;,
      4;4;-0.157148, 0.987575, 0.000000, 0.000000;;,
      5;4;-0.157148, 0.987575, 0.000000, 0.000000;;,
      6;4;-0.157148, 0.987575, 0.000000, 0.000000;;,
      7;4;-0.157148, 0.987575, 0.000000, 0.000000;;,
      8;4;-0.157148, 0.987575, 0.000000, 0.000000;;,
      9;4;-0.157148, 0.987575, 0.000000, 0.000000;;;
    }
    AnimationKey { // Scale
      1;
      10;
      0;3; 1.000000, 1.000000, 1.000001;;,
      1;3; 1.000000, 1.000000, 1.000001;;,
      2;3; 1.000000, 1.000000, 1.000001;;,
      3;3; 1.000000, 1.000000, 1.000001;;,
      4;3; 1.000000, 1.000000, 1.000001;;,
      5;3; 1.000000, 1.000000, 1.000001;;,
      6;3; 1.000000, 1.000000, 1.000001;;,
      7;3; 1.000000, 1.000000, 1.000001;;,
      8;3; 1.000000, 1.000000, 1.000001;;,
      9;3; 1.000000, 1.000000, 1.000001;;;
    }
    AnimationKey { // Position
      2;
      10;
      0;3;-0.000000, 0.158302,-0.000000;;,
      1;3;-0.000000, 0.158302,-0.000000;;,
      2;3;-0.000000, 0.158302,-0.000000;;,
      3;3;-0.000000, 0.158302,-0.000000;;,
      4;3;-0.000000, 0.158302,-0.000000;;,
      5;3;-0.000000, 0.158302,-0.000000;;,
      6;3;-0.000000, 0.158302,-0.000000;;,
      7;3;-0.000000, 0.158302,-0.000000;;,
      8;3;-0.000000, 0.158302,-0.000000;;,
      9;3;-0.000000, 0.158302,-0.000000;;;
    }
  }
  Animation {
    {Wolf_Skeleton_Kopf}
    AnimationKey { // Rotation
      0;
      10;
      0;4;-0.550277,-0.834982, 0.000544,-0.000599;;,
      1;4;-0.550277,-0.834982, 0.000544,-0.000599;;,
      2;4;-0.550277,-0.834982, 0.000544,-0.000599;;,
      3;4;-0.550277,-0.834982, 0.000544,-0.000599;;,
      4;4;-0.550277,-0.834982, 0.000544,-0.000599;;,
      5;4;-0.550277,-0.834982, 0.000544,-0.000599;;,
      6;4;-0.550277,-0.834982, 0.000544,-0.000599;;,
      7;4;-0.550277,-0.834982, 0.000544,-0.000599;;,
      8;4;-0.550277,-0.834982, 0.000544,-0.000599;;,
      9;4;-0.550277,-0.834982, 0.000544,-0.000599;;;
    }
    AnimationKey { // Scale
      1;
      10;
      0;3; 1.000000, 1.000000, 1.000000;;,
      1;3; 1.000000, 1.000000, 1.000000;;,
      2;3; 1.000000, 1.000000, 1.000000;;,
      3;3; 1.000000, 1.000000, 1.000000;;,
      4;3; 1.000000, 1.000000, 1.000000;;,
      5;3; 1.000000, 1.000000, 1.000000;;,
      6;3; 1.000000, 1.000000, 1.000000;;,
      7;3; 1.000000, 1.000000, 1.000000;;,
      8;3; 1.000000, 1.000000, 1.000000;;,
      9;3; 1.000000, 1.000000, 1.000000;;;
    }
    AnimationKey { // Position
      2;
      10;
      0;3; 0.000000, 0.101578,-0.000000;;,
      1;3; 0.000000, 0.101578,-0.000000;;,
      2;3; 0.000000, 0.101578,-0.000000;;,
      3;3; 0.000000, 0.101578,-0.000000;;,
      4;3; 0.000000, 0.101578,-0.000000;;,
      5;3; 0.000000, 0.101578,-0.000000;;,
      6;3; 0.000000, 0.101578,-0.000000;;,
      7;3; 0.000000, 0.101578,-0.000000;;,
      8;3; 0.000000, 0.101578,-0.000000;;,
      9;3; 0.000000, 0.101578,-0.000000;;;
    }
  }
  Animation {
    {Wolf_Skeleton_Unterkiefer}
    AnimationKey { // Rotation
      0;
      10;
      0;4;-0.826638, 0.562216, 0.023793, 0.004171;;,
      1;4;-0.826638, 0.562216, 0.023793, 0.004171;;,
      2;4;-0.826638, 0.562216, 0.023793, 0.004171;;,
      3;4;-0.826638, 0.562216, 0.023793, 0.004171;;,
      4;4;-0.826638, 0.562216, 0.023793, 0.004171;;,
      5;4;-0.826638, 0.562216, 0.023793, 0.004171;;,
      6;4;-0.826638, 0.562216, 0.023793, 0.004171;;,
      7;4;-0.826638, 0.562216, 0.023793, 0.004171;;,
      8;4;-0.826638, 0.562216, 0.023793, 0.004171;;,
      9;4;-0.826638, 0.562216, 0.023793, 0.004171;;;
    }
    AnimationKey { // Scale
      1;
      10;
      0;3; 1.000000, 1.000000, 1.000000;;,
      1;3; 1.000000, 1.000000, 1.000000;;,
      2;3; 1.000000, 1.000000, 1.000000;;,
      3;3; 1.000000, 1.000000, 1.000000;;,
      4;3; 1.000000, 1.000000, 1.000000;;,
      5;3; 1.000000, 1.000000, 1.000000;;,
      6;3; 1.000000, 1.000000, 1.000000;;,
      7;3; 1.000000, 1.000000, 1.000000;;,
      8;3; 1.000000, 1.000000, 1.000000;;,
      9;3; 1.000000, 1.000000, 1.000000;;;
    }
    AnimationKey { // Position
      2;
      10;
      0;3;-0.000456, 0.063705, 0.040607;;,
      1;3;-0.000456, 0.063705, 0.040607;;,
      2;3;-0.000456, 0.063705, 0.040607;;,
      3;3;-0.000456, 0.063705, 0.040607;;,
      4;3;-0.000456, 0.063705, 0.040607;;,
      5;3;-0.000456, 0.063705, 0.040607;;,
      6;3;-0.000456, 0.063705, 0.040607;;,
      7;3;-0.000456, 0.063705, 0.040607;;,
      8;3;-0.000456, 0.063705, 0.040607;;,
      9;3;-0.000456, 0.063705, 0.040607;;;
    }
  }
  Animation {
    {Wolf_Skeleton_Hals_fett}
    AnimationKey { // Rotation
      0;
      10;
      0;4;-0.867986, 0.495968,-0.014200, 0.020357;;,
      1;4;-0.867986, 0.495968,-0.014200, 0.020357;;,
      2;4;-0.867986, 0.495968,-0.014200, 0.020357;;,
      3;4;-0.867986, 0.495968,-0.014200, 0.020357;;,
      4;4;-0.867986, 0.495968,-0.014200, 0.020357;;,
      5;4;-0.867986, 0.495968,-0.014200, 0.020357;;,
      6;4;-0.867986, 0.495968,-0.014200, 0.020357;;,
      7;4;-0.867986, 0.495968,-0.014200, 0.020357;;,
      8;4;-0.867986, 0.495968,-0.014200, 0.020357;;,
      9;4;-0.867986, 0.495968,-0.014200, 0.020357;;;
    }
    AnimationKey { // Scale
      1;
      10;
      0;3; 1.000000, 1.000000, 1.000000;;,
      1;3; 1.000000, 1.000000, 1.000000;;,
      2;3; 1.000000, 1.000000, 1.000000;;,
      3;3; 1.000000, 1.000000, 1.000000;;,
      4;3; 1.000000, 1.000000, 1.000000;;,
      5;3; 1.000000, 1.000000, 1.000000;;,
      6;3; 1.000000, 1.000000, 1.000000;;,
      7;3; 1.000000, 1.000000, 1.000000;;,
      8;3; 1.000000, 1.000000, 1.000000;;,
      9;3; 1.000000, 1.000000, 1.000000;;;
    }
    AnimationKey { // Position
      2;
      10;
      0;3;-0.000772, 0.029982, 0.012065;;,
      1;3;-0.000772, 0.029982, 0.012065;;,
      2;3;-0.000772, 0.029982, 0.012065;;,
      3;3;-0.000772, 0.029982, 0.012065;;,
      4;3;-0.000772, 0.029982, 0.012065;;,
      5;3;-0.000772, 0.029982, 0.012065;;,
      6;3;-0.000772, 0.029982, 0.012065;;,
      7;3;-0.000772, 0.029982, 0.012065;;,
      8;3;-0.000772, 0.029982, 0.012065;;,
      9;3;-0.000772, 0.029982, 0.012065;;;
    }
  }
  Animation {
    {Wolf_Skeleton_Maulunten}
    AnimationKey { // Rotation
      0;
      10;
      0;4;-0.942379,-0.333625,-0.024690, 0.002535;;,
      1;4;-0.942379,-0.333625,-0.024690, 0.002535;;,
      2;4;-0.942379,-0.333625,-0.024690, 0.002535;;,
      3;4;-0.942379,-0.333625,-0.024690, 0.002535;;,
      4;4;-0.942379,-0.333625,-0.024690, 0.002535;;,
      5;4;-0.942379,-0.333625,-0.024690, 0.002535;;,
      6;4;-0.942379,-0.333625,-0.024690, 0.002535;;,
      7;4;-0.942379,-0.333625,-0.024690, 0.002535;;,
      8;4;-0.942379,-0.333625,-0.024690, 0.002535;;,
      9;4;-0.942379,-0.333625,-0.024690, 0.002535;;;
    }
    AnimationKey { // Scale
      1;
      10;
      0;3; 1.000000, 1.000000, 1.000000;;,
      1;3; 1.000000, 1.000000, 1.000000;;,
      2;3; 1.000000, 1.000000, 1.000000;;,
      3;3; 1.000000, 1.000000, 1.000000;;,
      4;3; 1.000000, 1.000000, 1.000000;;,
      5;3; 1.000000, 1.000000, 1.000000;;,
      6;3; 1.000000, 1.000000, 1.000000;;,
      7;3; 1.000000, 1.000000, 1.000000;;,
      8;3; 1.000000, 1.000000, 1.000000;;,
      9;3; 1.000000, 1.000000, 1.000000;;;
    }
    AnimationKey { // Position
      2;
      10;
      0;3; 0.000772, 0.008319,-0.012065;;,
      1;3; 0.000772, 0.008319,-0.012065;;,
      2;3; 0.000772, 0.008319,-0.012065;;,
      3;3; 0.000772, 0.008319,-0.012065;;,
      4;3; 0.000772, 0.008319,-0.012065;;,
      5;3; 0.000772, 0.008319,-0.012065;;,
      6;3; 0.000772, 0.008319,-0.012065;;,
      7;3; 0.000772, 0.008319,-0.012065;;,
      8;3; 0.000772, 0.008319,-0.012065;;,
      9;3; 0.000772, 0.008319,-0.012065;;;
    }
  }
  Animation {
    {Wolf_Skeleton_Mauloben}
    AnimationKey { // Rotation
      0;
      10;
      0;4;-0.968633, 0.248496,-0.000805, 0.000078;;,
      1;4;-0.968633, 0.248496,-0.000805, 0.000078;;,
      2;4;-0.968633, 0.248496,-0.000805, 0.000078;;,
      3;4;-0.968633, 0.248496,-0.000805, 0.000078;;,
      4;4;-0.968633, 0.248496,-0.000805, 0.000078;;,
      5;4;-0.968633, 0.248496,-0.000805, 0.000078;;,
      6;4;-0.968633, 0.248496,-0.000805, 0.000078;;,
      7;4;-0.968633, 0.248496,-0.000805, 0.000078;;,
      8;4;-0.968633, 0.248496,-0.000805, 0.000078;;,
      9;4;-0.968633, 0.248496,-0.000805, 0.000078;;;
    }
    AnimationKey { // Scale
      1;
      10;
      0;3; 1.000000, 1.000000, 1.000000;;,
      1;3; 1.000000, 1.000000, 1.000000;;,
      2;3; 1.000000, 1.000000, 1.000000;;,
      3;3; 1.000000, 1.000000, 1.000000;;,
      4;3; 1.000000, 1.000000, 1.000000;;,
      5;3; 1.000000, 1.000000, 1.000000;;,
      6;3; 1.000000, 1.000000, 1.000000;;,
      7;3; 1.000000, 1.000000, 1.000000;;,
      8;3; 1.000000, 1.000000, 1.000000;;,
      9;3; 1.000000, 1.000000, 1.000000;;;
    }
    AnimationKey { // Position
      2;
      10;
      0;3;-0.000041, 0.091015, 0.040036;;,
      1;3;-0.000041, 0.091015, 0.040036;;,
      2;3;-0.000041, 0.091015, 0.040036;;,
      3;3;-0.000041, 0.091015, 0.040036;;,
      4;3;-0.000041, 0.091015, 0.040036;;,
      5;3;-0.000041, 0.091015, 0.040036;;,
      6;3;-0.000041, 0.091015, 0.040036;;,
      7;3;-0.000041, 0.091015, 0.040036;;,
      8;3;-0.000041, 0.091015, 0.040036;;,
      9;3;-0.000041, 0.091015, 0.040036;;;
    }
  }
  Animation {
    {Wolf_Skeleton_MundW_L}
    AnimationKey { // Rotation
      0;
      10;
      0;4;-0.043144, 0.212920,-0.964486,-0.150234;;,
      1;4;-0.043144, 0.212920,-0.964486,-0.150234;;,
      2;4;-0.043144, 0.212920,-0.964486,-0.150234;;,
      3;4;-0.043144, 0.212920,-0.964486,-0.150234;;,
      4;4;-0.043144, 0.212920,-0.964486,-0.150234;;,
      5;4;-0.043144, 0.212920,-0.964486,-0.150234;;,
      6;4;-0.043144, 0.212920,-0.964486,-0.150234;;,
      7;4;-0.043144, 0.212920,-0.964486,-0.150234;;,
      8;4;-0.043144, 0.212920,-0.964486,-0.150234;;,
      9;4;-0.043144, 0.212920,-0.964486,-0.150234;;;
    }
    AnimationKey { // Scale
      1;
      10;
      0;3; 1.000000, 1.000000, 1.000000;;,
      1;3; 1.000000, 1.000000, 1.000000;;,
